4
16
0
0
0
0
0
0
37
131
80
80
123
52
251
31
121
179
191
118
27
148
226
14
28
171
87
177
168
59
204
230
170
14
140
126
182
122
6
254
72
11
1
203
26
212
2
208
111
248
13
215
236
152
36
48
76
238
189
36
68
148
241
31
1
105
134
169
193
223
192
40
199
200
183
130
89
176
29
24
215
169
1
197
34
217
31
102
13
233
183
6
140
154
245
165
240
47
83
13
113
66
68
146
91
2
122
201
1
228
65
192
17
245
58
206
130
140
42
133
152
248
71
50
239
38
102
19
150
88
108
89
23
178
12
148
88
190
209
245
43
8
172
20
2
110
249
74
203
239
33
205
93
70
6
179
165
179
46
197
176
39
114
172
2
220
186
152
52
73
16
34
44
181
112
203
205
55
116
41
81
149
182
5
254
164
120
51
246
190
92
135
186
185
16
216
50
210
209
39
176
9
194
163
188
251
117
116
22
188
135
52
25
123
154
104
186
155
144
66
172
158
163
128
232
6
25
58
132
155
164
68
212
27
43
182
234
107
133
44
72
174
182
87
22
124
251
174
181
244
169
225
127
57
94
208
229
217
132
149
2
174
152
77
135
4
22
188
36
246
253
179
148
152
176
204
240
38
111
20
106
98
131
204
93
1
214
190
198
232
13
62
139
172
240
41
150
233
47
233
43
46
186
190
140
29
27
86
188
40
248
196
43
191
205
7
155
40
70
26
248
120
152
16
98
193
40
227
85
43
250
59
62
82
85
76
10
248
90
23
179
68
167
31
208
91
105
108
29
3
153
35
231
10
119
50
74
70
89
93
155
23
137
31
7
135
221
189
192
210
225
165
144
220
3
25
157
169
227
195
46
239
254
146
130
77
243
69
46
166
25
178
157
196
147
150
94
88
193
89
156
10
133
213
230
65
134
57
146
214
125
53
129
117
42
229
174
80
207
47
51
118
17
197
67
217
111
186
12
134
78
154
14
103
205
102
129
235
123
66
250
154
94
151
152
121
187
173
90
242
10
136
33
64
86
237
123
26
41
138
213
116
166
194
164
79
59
239
49
36
225
9
227
61
61
224
128
135
39
150
28
11
135
96
218
38
253
245
141
121
118
37
35
141
89
143
86
132
176
8
189
28
243
148
6
154
235
174
105
149
214
201
106
114
13
139
61
226
191
219
142
84
77
41
104
53
29
9
232
128
39
137
151
96
14
69
64
26
253
120
97
120
176
1
244
233
238
255
19
216
37
192
204
49
227
245
75
28
211
4
97
50
190
95
54
193
244
112
208
234
233
228
143
35
209
29
38
14
122
182
255
47
184
130
137
12
232
62
231
109
12
31
226
128
34
148
166
51
221
110
111
108
83
90
131
25
48
170
107
149
14
143
191
162
29
84
27
3
69
3
138
108
75
146
61
7
181
147
213
79
103
97
161
46
153
2
184
120
33
178
60
118
239
136
120
91
184
166
85
63
103
238
16
133
227
174
219
16
128
67
251
26
80
8
91
36
53
89
226
79
36
225
64
229
25
147
176
183
120
111
130
164
178
238
84
255
8
158
13
137
50
77
223
215
12
223
148
115
255
161
195
44
47
175
63
109
70
103
62
201
185
44
126
107
199
104
235
90
136
105
54
249
121
124
151
13
40
6
160
147
65
47
115
12
252
196
116
65
76
183
88
55
82
101
104
23
218
232
225
156
188
193
27
57
150
233
190
72
174
197
146
107
61
120
159
158
140
26
161
225
60
56
100
235
165
136
147
127
69
29
64
68
92
73
210
16
149
51
214
131
124
100
11
229
134
23
97
144
91
158
149
189
32
232
112
252
108
85
184
77
83
230
64
21
73
63
235
192
127
126
162
115
50
141
231
99
194
177
200
150
131
145
172
131
96
106
65
229
1
245
93
76
23
40
253
156
161
37
23
119
201
114
229
215
242
205
229
225
206
234
208
17
41
179
29
98
29
239
196
170
172
100
85
185
178
189
115
55
82
91
65
71
175
252
239
185
168
55
186
96
198
102
17
43
159
152
175
245
152
10
41
179
111
105
191
129
101
176
15
182
23
127
105
196
152
124
98
160
217
114
130
244
90
130
175
91
207
38
13
247
138
77
101
36
86
222
216
141
106
193
131
38
203
235
55
198
210
212
151
80
111
180
246
63
247
153
221
29
146
147
41
130
80
126
127
44
50
103
243
0
61
136
72
237
177
40
237
97
140
183
48
147
157
194
133
171
214
168
108
211
243
84
23
217
169
41
46
62
156
31
138
243
65
97
111
191
75
200
149
238
224
29
136
137
124
141
21
59
42
56
249
123
148
92
248
143
107
243
51
117
208
57
226
236
120
172
132
218
156
179
189
85
81
128
136
79
145
47
33
172
17
226
137
12
215
73
190
137
156
167
2
37
72
142
4
220
240
99
153
141
57
229
150
30
174
96
137
14
190
50
25
150
214
76
158
116
19
197
248
121
85
119
159
237
236
212
146
202
172
38
91
101
185
220
144
254
63
37
223
119
76
14
22
62
234
175
208
216
214
235
239
93
146
164
232
1
185
50
235
246
126
153
135
152
201
40
206
108
1
107
203
251
48
68
152
11
46
16
192
185
150
63
222
214
225
172
0
210
71
25
119
17
192
255
177
187
143
33
79
191
94
135
145
182
176
40
184
147
169
24
135
115
58
13
104
65
154
188
39
196
99
109
11
177
98
105
111
151
204
198
115
44
63
157
17
73
72
189
71
219
176
101
185
26
29
240
183
222
13
87
150
13
80
245
12
86
142
198
103
171
253
207
35
42
182
245
131
90
209
87
16
71
147
85
167
195
18
52
57
174
65
76
22
66
120
69
83
112
104
2
191
151
231
202
109
206
58
215
255
208
162
51
50
48
130
62
96
56
206
88
115
109
249
226
73
60
246
192
141
214
240
202
81
93
83
142
2
103
80
190
16
248
127
219
12
144
184
103
93
255
94
245
160
215
169
171
161
216
39
252
76
117
181
244
156
97
191
193
230
234
216
79
255
85
52
39
155
152
141
127
26
103
30
97
198
74
130
87
221
41
220
182
84
152
248
165
28
145
226
94
28
199
106
215
15
54
55
184
23
212
236
53
234
7
8
162
1
200
67
230
99
95
210
193
73
208
69
200
204
161
31
233
9
60
99
28
36
130
233
167
82
176
197
4
219
66
54
82
145
225
193
200
195
45
38
251
214
81
24
252
100
207
207
238
244
184
35
36
151
198
145
117
240
149
226
24
9
182
58
167
126
252
228
154
168
99
21
165
206
247
38
63
138
123
32
125
17
25
27
30
218
78
130
234
155
36
207
35
203
116
61
177
53
186
133
208
32
94
81
47
117
247
248
109
38
123
241
124
151
71
63
253
227
216
96
46
189
2
7
250
8
130
134
190
61
248
74
179
159
226
168
78
39
208
30
157
248
65
68
78
184
97
94
90
85
201
46
114
70
28
37
185
142
51
246
176
214
35
189
131
145
178
21
152
161
162
158
196
9
166
85
227
230
61
130
205
49
65
81
62
185
218
62
170
29
10
206
157
192
112
179
47
63
111
135
203
3
41
182
21
146
149
89
172
69
117
78
16
93
92
248
59
151
177
143
52
73
30
74
248
68
89
224
146
190
172
120
59
157
102
50
53
245
219
40
175
10
121
234
99
223
250
204
136
187
110
7
40
221
1
33
251
158
20
47
109
16
133
173
80
203
136
160
93
246
162
36
178
113
56
120
197
77
5
70
101
24
13
192
33
42
118
230
141
32
246
41
65
72
86
239
39
208
173
182
77
223
180
228
12
33
99
20
37
170
38
107
143
253
39
184
162
65
101
229
246
213
126
25
254
114
229
158
116
0
81
177
192
215
52
27
82
158
23
209
70
157
141
244
246
179
199
4
206
126
17
79
207
122
148
33
92
84
88
19
220
53
62
226
102
141
141
149
71
32
195
212
252
3
57
70
132
14
203
11
160
93
251
10
26
216
100
33
74
135
119
90
82
127
124
112
202
20
17
117
202
25
104
135
52
252
66
167
24
211
220
250
5
171
99
174
155
57
66
72
79
44
200
131
253
187
198
251
0
74
48
8
140
131
86
213
243
119
199
169
20
58
80
214
79
85
32
236
219
137
86
225
34
81
40
213
138
82
62
19
138
210
143
139
79
72
63
150
54
6
151
151
228
255
187
57
178
128
237
98
245
49
188
223
114
237
201
50
104
246
15
253
16
210
112
203
105
140
43
83
171
87
140
15
167
111
17
251
212
113
150
78
104
18
7
173
56
86
200
164
217
158
216
18
176
42
247
14
93
228
136
88
118
86
163
49
62
253
66
202
201
222
245
86
115
88
153
80
236
156
181
58
215
31
218
106
44
153
54
223
160
50
110
109
166
166
213
166
101
29
24
89
46
87
126
9
217
112
72
231
83
210
22
112
42
255
111
77
242
206
32
179
23
44
89
244
225
212
212
67
54
19
0
160
138
85
189
189
71
27
135
212
137
4
14
224
229
160
36
0
152
181
82
207
125
169
45
192
28
66
155
251
244
39
79
112
203
34
174
168
113
105
150
4
174
195
110
165
219
185
174
58
135
225
27
15
212
81
25
156
254
72
145
20
244
100
247
62
123
83
220
150
22
5
133
8
67
154
127
135
128
19
28
3
212
7
223
136
186
38
180
176
41
37
112
127
91
151
144
165
37
186
134
213
127
226
244
141
165
218
236
101
216
20
77
160
138
26
121
187
194
116
53
215
255
82
121
64
123
19
114
12
171
162
75
248
144
58
145
62
21
224
154
210
217
0
176
227
115
65
109
32
67
108
147
205
124
232
179
91
134
231
50
98
62
237
115
145
13
94
57
212
115
124
123
171
84
36
60
129
119
102
231
223
110
110
238
224
143
244
203
231
230
15
125
222
84
23
181
221
222
173
3
191
102
123
16
247
58
71
238
231
99
166
243
146
74
155
253
213
39
89
27
249
111
62
200
216
209
151
97
11
248
77
190
56
76
26
2
51
145
45
50
62
98
89
28
213
25
253
231
109
250
90
165
201
124
194
48
56
92
255
153
59
74
165
22
69
217
79
86
250
97
97
163
135
3
186
107
152
225
4
125
110
143
183
54
11
16
168
192
142
209
187
218
23
244
89
246
35
33
6
95
30
44
245
172
85
240
5
87
19
162
103
124
150
4
147
81
64
150
235
106
245
150
15
222
108
243
132
71
141
225
185
116
128
123
194
67
149
159
238
36
56
226
133
73
137
65
210
165
245
214
122
244
134
74
164
60
102
197
250
192
93
143
23
49
87
88
93
115
78
232
252
240
66
9
33
250
64
123
146
189
231
180
148
249
68
249
40
168
165
47
10
86
95
77
217
181
88
35
32
163
116
105
169
9
167
64
43
89
243
117
45
248
168
217
174
26
58
133
26
186
92
121
224
247
170
93
101
104
103
94
125
67
70
61
105
251
20
5
32
48
59
134
52
160
57
240
93
209
226
227
44
246
167
69
242
113
37
251
144
87
203
118
63
84
95
209
59
220
10
114
10
169
66
203
151
185
189
108
154
211
230
16
87
142
199
83
57
209
41
158
182
131
129
152
75
5
23
40
178
244
220
24
13
121
19
75
245
95
125
101
217
151
87
77
70
126
138
40
44
197
227
148
109
63
112
1
246
89
155
117
76
24
16
206
3
91
82
89
162
63
163
41
110
253
126
211
248
239
150
187
33
56
131
80
179
202
152
65
251
208
146
114
220
117
129
242
89
189
215
88
41
243
62
155
42
192
14
46
49
204
95
11
244
204
165
6
194
154
126
40
44
189
113
197
92
204
73
104
57
76
254
89
235
178
43
37
208
166
27
58
135
179
242
238
140
182
41
62
10
127
193
255
101
111
208
92
42
125
117
231
194
133
36
239
174
187
197
234
35
107
83
75
183
112
57
205
16
194
78
250
7
65
93
15
213
6
68
22
46
54
205
251
137
124
149
214
40
62
115
239
22
10
234
30
131
237
44
183
211
226
174
37
241
230
189
43
216
181
206
150
158
22
250
85
59
11
159
83
152
234
98
125
235
207
200
155
155
180
112
182
35
210
81
31
86
23
74
69
64
42
118
34
101
87
114
126
117
102
153
144
51
229
60
16
239
152
176
159
24
140
226
229
60
160
173
46
129
10
190
125
239
201
63
6
2
254
129
110
245
184
194
56
36
165
115
175
10
76
161
110
227
193
113
183
142
27
13
108
76
214
173
41
55
111
252
173
165
192
170
230
214
65
104
20
162
4
238
171
55
155
112
103
117
163
0
74
47
111
208
172
27
254
237
96
144
132
108
96
187
6
72
56
19
32
179
186
2
37
143
219
28
50
145
61
222
86
153
179
213
187
75
110
154
92
126
8
6
175
253
31
225
216
117
12
207
150
200
36
36
75
35
74
49
110
28
92
104
67
204
218
33
211
76
2
76
188
240
250
110
252
230
205
158
111
184
238
223
19
223
171
134
67
244
147
80
242
251
210
167
21
9
76
42
250
82
161
179
78
145
118
211
203
16
55
11
0
253
101
28
94
128
11
163
34
109
134
73
114
171
255
123
110
39
73
149
184
60
205
50
179
29
208
110
124
57
1
46
180
168
249
62
59
113
88
217
194
239
58
254
102
27
130
118
40
82
79
235
32
27
175
152
136
207
8
74
147
116
114
214
204
240
230
26
79
234
132
190
18
118
192
102
246
244
99
87
63
49
228
13
109
217
122
115
200
41
174
226
124
2
203
149
141
51
190
139
220
28
119
103
194
62
121
147
168
76
85
41
248
96
24
55
114
36
132
91
3
114
226
121
0
194
139
135
45
239
83
221
179
88
21
244
232
237
214
237
173
26
236
141
202
158
143
68
102
125
187
88
245
120
60
124
22
88
110
188
191
139
171
61
135
111
92
69
124
68
119
126
64
63
49
185
16
122
7
213
222
237
213
203
201
54
74
208
140
82
165
202
103
22
115
139
184
45
174
174
20
45
29
32
55
246
138
202
243
36
252
20
69
227
163
182
125
121
179
87
159
8
178
102
158
164
82
23
221
97
60
67
136
47
114
28
120
66
192
166
67
59
120
205
121
196
211
125
246
140
214
219
227
10
242
45
64
148
96
192
19
194
115
178
70
82
139
30
97
131
71
157
19
74
105
177
21
2
234
131
233
115
138
12
19
239
35
238
70
0
209
51
222
119
64
162
114
238
228
235
231
68
60
177
20
233
96
246
245
71
64
64
107
230
246
67
55
252
223
63
25
32
206
147
23
122
172
40
76
81
127
249
62
66
224
33
236
208
254
81
70
20
238
231
1
103
0
110
30
150
184
50
142
100
141
224
154
174
66
3
128
135
154
117
43
73
162
232
50
220
154
219
234
227
150
113
69
191
146
44
247
237
71
159
166
200
18
69
38
38
118
234
34
85
173
68
197
58
135
74
33
121
110
71
87
102
196
96
33
137
176
26
13
155
15
120
199
145
45
232
190
47
179
19
78
219
48
196
166
33
79
104
149
81
212
206
120
197
74
217
171
122
180
203
117
105
50
91
196
133
129
120
255
161
28
151
69
68
36
97
123
94
113
232
59
73
116
77
214
35
82
221
241
236
94
112
213
47
92
199
95
8
139
56
105
73
49
89
109
49
212
27
201
21
156
237
74
6
195
144
34
19
198
113
120
31
136
178
205
124
210
90
235
76
97
136
182
157
13
11
220
181
95
40
85
224
66
95
145
183
244
190
233
241
75
119
239
63
42
73
199
154
14
250
37
82
18
68
204
13
65
126
131
23
61
129
141
109
109
12
168
52
144
0
145
212
189
77
29
179
187
92
220
239
68
249
29
7
88
174
142
3
17
218
50
150
230
80
164
229
145
228
156
26
125
96
97
48
213
107
196
201
236
170
56
169
23
172
174
102
228
178
127
10
4
197
244
77
28
242
25
9
174
239
241
169
156
119
162
135
128
161
229
47
189
25
98
66
35
26
212
89
36
133
68
103
69
159
77
237
95
159
164
240
171
44
0
27
145
132
164
147
202
217
66
86
233
34
130
45
42
221
21
221
6
143
94
255
20
228
1
242
37
56
117
78
0
212
76
3
255
148
184
149
11
185
71
246
115
153
218
223
46
71
200
105
131
92
9
77
140
211
117
47
237
194
180
146
26
9
23
168
237
242
239
112
55
109
149
141
74
33
250
61
202
251
204
110
90
107
81
44
43
146
213
247
25
110
159
231
134
188
42
69
166
29
60
118
149
227
32
203
115
72
244
14
225
232
242
127
8
15
199
147
178
102
251
162
83
202
10
46
168
20
174
18
229
0
146
156
249
18
243
229
38
177
247
229
242
209
254
103
27
67
0
65
219
228
43
145
2
117
141
245
63
74
79
92
20
151
84
40
149
171
12
234
14
196
102
50
175
159
192
40
77
189
177
27
185
1
219
92
116
80
255
245
205
13
8
247
218
46
199
149
236
245
73
190
30
175
216
92
195
58
13
4
175
247
14
235
79
156
169
250
229
196
126
235
29
111
18
13
107
0
161
65
69
147
76
137
157
233
173
184
58
192
254
43
66
233
75
73
227
208
176
48
53
140
138
109
140
160
116
153
215
242
243
103
245
168
56
55
248
46
1
119
125
201
103
40
237
82
117
104
90
246
206
239
138
135
7
76
175
55
46
179
90
116
229
168
16
183
208
213
1
253
113
200
230
4
194
1
113
100
253
150
26
99
4
72
221
148
19
196
188
195
61
197
4
47
242
212
69
135
189
122
138
74
48
67
102
178
140
93
101
188
49
178
221
102
40
95
236
159
0
106
252
251
39
113
239
116
86
56
37
178
153
102
28
43
177
140
182
8
48
146
101
141
149
170
116
208
253
42
157
251
17
174
10
175
1
155
177
23
92
108
233
50
53
59
14
166
96
92
105
211
246
146
92
84
140
153
35
123
43
120
80
28
189
146
216
115
169
201
30
131
143
250
80
21
242
148
28
72
99
197
101
242
40
213
37
237
235
20
131
8
33
92
159
221
208
186
145
169
48
50
57
235
110
245
64
245
103
149
27
190
16
63
55
221
255
153
110
131
247
118
205
216
27
125
216
76
253
236
59
153
82
1
27
172
223
200
225
58
118
142
236
179
24
130
168
61
166
152
66
55
67
134
253
62
84
186
179
175
134
136
8
220
45
185
4
22
101
103
123
192
228
69
110
236
105
83
23
60
5
168
68
235
194
136
176
109
35
232
198
81
35
182
188
190
52
34
21
40
218
5
9
14
17
9
28
243
150
123
199
93
116
75
69
134
15
70
166
185
212
243
84
22
189
171
59
69
48
146
64
156
104
96
27
98
10
51
250
238
211
14
173
192
99
96
173
234
38
52
129
198
55
20
212
169
177
106
49
193
192
220
201
97
37
177
158
15
59
157
39
255
249
202
239
114
131
15
86
187
178
35
166
220
218
18
68
142
201
37
61
44
150
75
4
171
9
236
80
205
13
26
95
102
88
238
247
78
151
176
206
215
196
88
232
164
159
193
183
130
244
181
253
122
88
161
37
121
112
47
241
249
144
212
243
220
27
30
211
171
190
119
2
96
146
238
238
166
196
70
242
99
0
202
150
162
154
212
108
36
239
222
86
199
190
67
44
164
251
200
162
123
201
133
2
0
78
169
158
219
22
161
198
159
133
154
138
193
169
244
51
105
79
145
39
54
120
124
56
181
200
174
195
215
130
149
47
126
179
180
225
186
50
247
10
76
254
91
195
128
86
188
119
92
110
178
0
240
68
101
30
164
59
104
77
235
235
196
60
194
33
26
31
81
18
179
43
40
10
0
15
136
145
115
173
231
151
94
164
5
211
220
137
103
9
34
11
218
98
82
35
183
201
40
133
62
8
16
185
176
41
7
1
203
132
201
133
94
182
84
40
140
218
34
229
59
72
30
30
15
151
222
77
73
123
159
6
226
27
79
148
115
140
3
237
195
82
177
203
131
242
143
11
112
216
20
191
71
58
65
121
146
155
38
32
32
43
170
139
106
100
157
182
17
52
177
21
189
209
48
52
241
91
175
177
163
6
148
247
46
5
194
111
57
242
24
142
168
253
39
127
162
173
185
163
110
134
155
235
33
118
118
87
93
146
88
231
184
113
144
35
120
19
75
81
173
103
212
9
244
160
15
157
254
182
183
174
104
67
88
234
202
205
133
9
56
23
49
189
81
35
17
144
194
94
161
228
247
255
96
149
196
75
54
44
131
184
147
8
249
2
253
36
86
173
112
3
29
37
176
252
8
169
139
139
74
198
188
248
154
255
188
255
251
139
249
211
27
161
132
23
165
222
9
23
27
52
91
188
197
140
119
113
74
245
64
251
145
157
179
80
95
61
93
142
163
188
140
205
190
125
42
124
36
225
22
88
222
128
93
40
17
97
17
234
49
245
225
71
252
241
218
250
15
14
88
110
163
107
123
106
117
113
198
8
143
131
246
136
160
39
200
180
66
65
19
209
86
47
115
181
229
193
125
189
202
110
160
112
176
125
36
66
5
3
78
55
220
117
164
111
92
176
13
85
181
152
60
206
193
221
234
18
86
206
136
14
52
190
19
178
153
56
82
250
142
235
93
145
94
165
66
121
144
177
182
208
205
170
251
11
99
177
11
29
206
60
155
93
75
241
222
11
227
64
153
36
255
249
49
12
169
236
168
168
137
120
79
151
128
68
236
14
235
32
229
132
112
198
134
29
6
167
19
25
32
94
109
121
158
224
218
162
122
66
193
238
232
0
26
21
148
70
43
160
93
217
124
82
116
230
9
93
206
1
144
78
91
7
105
48
241
225
65
201
165
218
224
57
50
213
253
27
42
144
159
115
110
235
47
208
103
98
130
137
149
97
221
40
199
81
225
245
106
193
245
133
45
4
105
179
226
211
233
5
209
27
74
246
158
187
183
227
112
41
182
4
166
226
23
107
156
222
253
7
197
163
204
7
92
234
54
190
103
195
168
33
161
146
173
95
72
104
230
0
75
242
138
177
190
245
135
139
238
147
61
50
202
0
176
72
187
111
149
70
244
241
27
126
184
209
99
222
150
46
54
197
149
220
150
180
147
12
202
135
246
2
26
88
215
138
141
229
27
6
170
68
243
25
40
158
173
162
141
30
202
213
222
228
0
252
171
141
35
65
79
119
16
142
2
16
107
167
161
116
162
49
176
101
160
95
121
140
48
156
145
78
235
230
57
199
101
121
66
13
104
33
196
116
248
17
109
141
52
171
229
9
10
155
49
119
156
57
95
204
128
160
166
125
204
189
22
255
124
213
34
10
201
124
82
34
155
44
212
240
131
158
34
52
107
168
228
150
98
201
226
147
32
225
129
180
95
101
175
64
115
58
107
123
4
199
159
252
211
192
171
57
46
206
93
252
243
249
59
26
189
55
10
89
167
50
183
253
120
165
56
208
14
48
38
15
253
228
19
28
211
64
215
144
70
253
135
120
211
25
17
127
253
99
148
128
230
123
138
40
64
51
67
85
6
152
169
208
11
27
129
176
67
190
5
229
92
139
92
117
61
215
253
216
4
254
142
19
41
166
243
140
134
148
136
245
34
28
72
211
0
68
166
195
33
202
32
131
85
189
213
59
12
240
153
168
153
120
70
13
14
86
64
133
202
97
13
128
225
220
104
46
78
202
95
49
210
116
62
213
219
110
52
69
160
225
85
31
142
29
114
68
150
1
243
244
219
49
198
210
117
152
120
238
2
65
215
136
120
25
42
237
75
172
92
6
147
44
23
154
127
219
215
175
196
148
42
51
195
141
180
242
148
199
238
43
28
227
173
222
166
5
50
75
181
11
26
36
165
110
165
233
156
208
59
57
63
181
186
116
133
245
129
250
26
45
80
60
10
230
105
236
71
252
24
253
212
5
110
181
171
30
228
141
69
23
162
150
155
14
194
252
237
104
161
98
0
117
57
19
72
69
92
32
16
2
185
202
87
208
174
182
196
137
228
182
239
112
32
161
193
160
97
49
105
13
221
7
71
67
181
229
90
213
53
140
196
228
142
197
121
197
233
241
70
147
174
53
19
225
198
103
208
182
90
125
38
36
212
46
128
31
13
230
156
83
15
80
10
30
51
226
54
188
115
132
252
63
174
0
55
59
93
120
148
253
15
148
65
14
15
152
107
206
20
146
14
53
225
238
98
118
123
144
122
159
238
195
199
170
220
103
253
4
44
111
167
174
71
142
67
46
51
82
118
146
155
64
234
71
60
253
255
250
136
166
149
157
233
37
184
208
154
90
59
235
79
124
4
21
241
31
179
108
55
104
67
44
4
74
78
101
240
209
174
38
230
128
93
1
21
9
97
23
120
211
173
233
117
246
29
207
132
255
88
117
120
90
22
112
145
250
25
123
176
243
183
64
184
217
115
124
235
151
229
228
117
190
35
25
50
219
151
17
190
143
2
175
213
48
166
75
157
118
149
88
238
128
75
141
62
191
178
87
109
20
33
200
252
228
235
191
78
240
113
68
235
191
36
255
220
185
205
212
75
131
127
134
100
219
180
243
5
73
105
155
104
153
121
22
24
155
174
239
77
32
185
243
95
76
16
181
178
159
209
93
188
189
161
56
140
34
100
151
1
64
199
14
78
220
140
78
184
61
32
198
240
211
209
26
157
47
220
182
207
218
248
201
211
217
216
81
48
198
181
29
162
64
26
154
5
245
227
0
166
43
161
37
207
2
82
160
149
231
232
41
150
179
14
114
19
14
69
217
177
180
105
28
203
65
216
254
8
254
200
207
195
185
112
24
227
248
180
118
11
167
64
155
211
210
59
185
126
178
156
169
145
233
30
135
115
66
87
1
96
10
161
47
115
246
184
181
123
15
125
21
118
149
110
183
24
147
105
155
41
246
229
198
191
233
163
239
65
217
234
63
182
217
55
177
10
55
117
52
104
218
13
10
162
225
38
121
12
69
166
90
158
173
154
92
0
76
233
148
19
203
17
177
60
160
214
11
6
254
13
176
245
250
106
211
31
8
5
97
229
170
160
41
107
50
194
222
144
221
255
34
108
154
236
226
241
138
237
61
73
80
236
35
248
85
240
178
144
120
50
49
27
37
57
2
35
42
73
57
81
113
166
190
178
180
168
100
30
254
79
143
139
160
231
135
133
194
27
144
118
4
177
210
246
174
57
199
246
74
216
133
252
160
160
116
155
176
228
2
106
24
46
155
218
16
211
234
168
28
21
16
122
125
229
177
157
158
238
239
233
90
153
132
214
166
136
187
193
57
44
182
66
166
237
239
237
216
241
150
97
163
25
4
214
120
10
4
133
229
85
228
57
89
104
166
86
163
132
146
38
240
4
91
126
112
231
122
141
48
76
66
200
5
163
224
254
23
44
196
81
152
53
27
138
194
46
50
132
69
159
125
254
98
163
162
23
91
234
179
170
13
39
144
40
179
245
133
88
246
42
228
116
2
216
242
111
1
124
235
60
89
125
64
107
36
207
15
245
78
69
182
36
36
14
183
57
60
194
148
174
116
61
107
95
111
55
63
39
242
240
54
125
73
59
251
7
225
1
232
141
155
220
113
248
87
151
80
83
3
215
67
228
32
227
244
134
250
251
123
62
145
146
115
104
59
37
67
197
182
51
5
49
157
82
195
246
223
151
124
79
6
201
136
184
18
3
119
31
151
83
91
149
243
137
161
233
101
153
51
94
104
246
4
137
185
251
156
195
157
91
85
115
229
63
163
160
213
210
3
81
166
231
114
127
53
217
245
190
114
26
56
111
140
222
240
104
161
94
102
197
146
105
79
10
116
73
136
52
90
175
175
186
228
195
195
29
92
155
148
242
43
19
58
27
69
13
189
123
81
8
219
18
9
37
139
181
24
172
220
164
239
174
148
231
224
55
204
133
108
136
193
17
56
73
93
221
239
228
66
143
146
110
105
95
138
174
39
245
157
213
116
223
10
61
55
134
172
140
11
214
192
251
23
28
20
143
227
54
234
35
131
160
144
114
84
124
45
78
243
101
85
49
17
215
140
213
128
32
119
224
126
50
223
25
237
168
158
165
3
194
245
39
18
120
255
212
87
250
188
55
105
179
179
48
30
82
231
152
53
71
231
239
83
135
107
185
173
250
165
57
161
9
210
127
195
9
2
152
18
230
118
205
112
12
207
199
28
214
9
104
89
27
18
187
56
172
50
135
81
4
115
36
232
46
86
120
53
216
126
213
52
153
47
14
31
0
114
45
105
116
203
91
201
76
116
193
122
20
33
72
98
222
46
157
216
183
238
99
13
9
68
36
195
140
156
153
214
119
68
150
224
226
94
83
134
36
7
227
217
165
231
31
62
248
254
222
91
131
134
94
180
0
200
239
75
16
132
51
248
243
204
93
153
54
148
109
171
92
220
144
50
35
207
115
106
49
51
172
155
176
175
93
204
204
139
115
207
246
151
209
200
50
212
158
103
120
27
110
55
124
17
42
119
130
231
0
222
131
2
253
163
0
246
13
32
200
67
78
19
230
104
166
149
132
29
46
70
27
86
195
109
255
231
40
64
120
184
252
100
131
174
247
13
46
189
34
35
242
204
106
157
75
193
200
138
154
179
51
169
164
174
177
188
133
184
225
11
61
19
217
121
160
164
28
95
181
95
220
89
183
138
179
243
70
233
147
136
217
248
102
252
46
245
196
113
198
90
161
209
106
103
144
60
86
30
119
210
8
177
17
160
244
107
167
50
164
181
213
178
74
158
217
208
9
146
186
33
145
161
82
16
60
105
82
160
90
81
182
98
94
121
217
122
209
177
3
190
13
205
49
97
3
49
169
6
205
79
113
15
180
241
156
173
85
251
76
6
44
198
213
136
203
36
19
91
50
121
186
32
239
84
73
30
161
107
218
100
170
164
139
24
151
112
255
83
66
133
88
1
135
27
43
116
247
42
141
151
203
150
10
247
197
198
218
55
134
63
42
33
104
169
8
247
51
42
133
240
251
216
254
112
12
138
28
104
56
69
56
157
236
136
219
44
197
181
54
178
253
247
254
239
14
48
46
124
93
120
132
53
31
221
36
69
250
69
225
247
49
175
57
74
120
55
249
144
77
214
88
61
58
50
51
236
85
192
6
252
81
131
229
197
33
93
148
46
221
240
35
71
46
166
59
196
231
122
221
210
29
60
148
244
5
90
24
44
202
229
93
244
82
141
154
249
225
173
184
178
72
193
132
223
162
149
251
250
36
175
204
120
11
222
105
144
249
0
157
94
187
77
145
136
4
182
55
14
213
4
29
201
158
96
190
166
66
31
63
142
164
164
196
131
13
150
114
19
79
178
56
224
201
182
139
17
193
144
94
175
86
125
115
185
151
202
31
35
138
13
190
107
8
206
247
32
187
188
146
3
157
238
47
251
135
152
205
245
135
98
56
132
154
106
69
76
245
103
112
245
202
243
159
247
223
2
164
23
38
168
19
59
48
227
132
234
61
222
200
56
233
77
100
212
208
197
7
77
83
109
245
34
115
47
104
23
197
2
208
13
143
144
130
10
234
25
254
140
46
175
160
93
125
1
21
175
13
122
102
233
162
47
198
170
91
45
134
61
216
23
108
8
21
202
48
31
19
62
183
163
94
48
224
36
109
89
71
9
150
171
105
230
172
146
175
1
42
61
82
214
250
41
71
199
184
206
92
178
178
231
18
208
96
0
52
161
20
93
225
205
178
101
90
39
11
211
172
53
102
126
141
33
147
191
238
113
86
142
207
156
100
168
159
207
104
190
136
79
59
39
218
237
158
149
174
7
193
32
235
73
169
103
103
10
180
47
214
200
91
149
172
144
29
142
237
220
127
113
227
109
167
187
21
48
161
39
97
81
117
109
77
52
133
47
32
92
32
167
64
223
45
202
74
161
3
68
110
247
179
224
37
3
28
52
71
228
232
224
72
87
185
16
60
118
114
206
186
229
246
140
38
47
238
10
151
100
35
237
239
135
52
43
49
89
244
171
43
69
137
6
100
152
11
191
127
32
60
202
71
10
224
162
153
169
31
218
219
135
252
58
147
57
89
28
159
88
10
5
44
52
96
169
138
143
192
65
223
166
47
87
78
91
16
17
231
170
69
1
156
74
228
253
207
124
74
0
82
150
232
204
30
225
144
143
148
68
166
151
222
252
155
136
204
200
18
37
10
24
176
174
53
234
207
33
44
193
5
54
177
156
122
235
230
12
223
11
247
91
143
18
139
137
4
238
241
21
135
190
132
106
111
106
17
97
128
215
52
50
40
101
248
17
73
61
152
45
209
221
82
84
197
236
197
239
39
213
145
172
7
9
133
81
15
59
85
90
65
246
45
37
29
182
192
186
85
130
162
141
132
236
36
176
38
229
78
155
177
43
218
90
17
153
216
28
150
55
93
104
4
17
58
92
132
8
146
56
164
255
228
130
177
149
136
164
183
133
193
227
84
19
49
254
121
58
80
243
39
200
42
74
72
118
62
89
137
208
42
22
137
55
149
214
100
101
141
136
7
104
146
143
175
124
46
55
203
243
232
58
75
204
225
194
165
204
139
2
182
113
44
154
192
238
51
204
189
149
181
165
202
48
169
253
143
125
99
225
200
191
167
103
212
68
26
234
142
51
187
194
125
81
178
114
203
5
2
62
157
66
125
1
54
124
75
75
29
193
98
105
127
218
5
154
116
85
254
182
127
216
143
52
8
145
222
181
105
9
237
86
64
74
235
108
33
158
60
79
6
77
187
90
58
84
124
77
101
18
108
216
224
140
156
128
211
195
145
20
116
223
226
138
104
183
49
52
250
122
227
162
64
36
122
200
12
8
161
197
142
126
250
29
222
223
242
225
245
77
143
179
183
54
186
111
28
106
113
233
213
167
2
235
29
207
33
27
199
29
82
41
214
103
55
133
34
64
23
161
118
121
127
252
96
106
23
219
62
19
185
172
72
73
109
157
216
175
69
252
65
20
141
189
224
208
85
55
187
161
57
237
255
139
253
49
197
175
255
205
79
156
107
133
191
105
234
75
53
2
219
234
51
57
237
145
30
163
157
106
237
139
70
242
39
127
198
103
21
4
10
32
156
136
69
243
179
114
202
183
175
228
69
167
39
129
13
174
93
81
199
80
183
121
41
123
240
126
204
55
77
239
100
27
209
92
149
15
163
126
75
109
147
124
63
79
98
150
253
173
93
184
120
25
56
39
90
35
235
150
198
101
249
165
28
89
132
2
112
130
199
158
156
103
85
160
61
228
158
26
168
132
35
81
217
175
194
28
63
187
222
118
162
163
28
23
116
12
242
70
115
204
175
99
229
221
136
171
18
29
157
111
250
19
225
59
138
79
145
163
178
27
66
58
62
208
40
197
222
232
29
165
208
55
72
94
192
240
44
188
54
238
36
195
121
60
212
109
106
47
212
105
254
151
169
236
76
102
143
160
212
71
136
23
32
163
133
45
245
110
130
233
41
252
107
181
37
25
39
44
156
94
138
242
137
203
23
83
133
199
235
96
254
208
57
244
106
156
203
146
216
145
219
3
14
3
108
213
96
69
216
199
39
113
29
159
199
150
182
237
178
26
56
178
0
169
254
9
5
150
179
192
26
17
152
91
58
176
57
108
137
54
110
46
100
173
137
95
1
206
66
238
178
168
165
167
63
61
114
252
19
110
64
172
177
144
207
78
227
241
146
34
133
246
39
155
207
156
87
152
81
45
38
219
94
96
26
222
95
20
224
99
93
87
202
33
76
65
43
191
67
32
140
186
175
73
196
13
163
208
65
66
57
94
174
37
254
80
16
223
97
148
36
197
137
245
209
149
37
145
13
79
216
162
203
22
20
8
220
50
146
41
202
172
114
214
142
119
240
230
240
204
59
18
15
129
194
218
50
71
172
133
251
230
9
49
119
252
73
196
142
128
241
190
198
90
29
35
42
144
93
12
201
22
75
107
145
174
129
177
31
48
152
14
165
88
229
239
62
40
166
130
4
165
51
106
119
19
185
0
105
225
56
111
218
78
239
95
123
18
136
230
50
163
232
231
224
137
12
87
115
179
154
206
45
192
41
46
150
76
211
200
10
216
222
119
88
31
157
255
183
62
115
54
93
146
192
110
33
149
210
237
62
191
188
52
97
215
142
227
51
37
26
135
236
58
129
201
116
218
223
113
90
78
146
30
24
237
112
212
244
175
85
18
59
214
171
138
205
207
142
137
24
105
186
99
192
20
72
197
32
66
13
255
153
65
237
20
127
123
112
5
69
150
246
223
88
1
108
135
37
247
3
44
160
39
140
53
78
225
140
124
61
206
180
14
195
159
216
156
226
114
171
11
170
70
88
38
207
126
216
17
136
119
187
207
117
188
229
134
38
253
14
103
7
220
33
187
95
34
112
250
214
51
101
82
113
77
180
180
6
14
13
245
140
80
19
60
245
56
103
63
164
62
14
62
157
246
87
167
120
24
134
126
244
252
92
199
124
132
202
117
73
180
27
177
190
165
178
112
81
2
177
172
200
206
30
48
85
163
41
241
212
123
193
42
27
133
18
200
56
239
147
54
99
53
0
43
1
250
194
251
238
76
52
169
123
143
26
179
78
224
164
172
105
165
44
27
199
10
176
14
231
186
251
45
208
178
217
6
252
35
40
1
71
129
241
231
3
42
254
137
7
167
137
157
250
87
234
231
74
130
186
112
26
42
176
38
43
227
70
180
203
18
136
122
50
255
66
103
222
62
149
19
162
192
143
202
26
239
254
55
168
226
124
218
210
196
0
156
195
69
233
119
8
196
1
85
209
232
13
240
188
217
252
242
87
190
111
185
240
74
232
29
57
246
36
210
188
106
149
172
183
148
230
188
213
129
78
147
26
4
78
225
211
89
120
3
233
205
83
174
173
178
16
249
136
146
209
2
17
205
37
185
48
233
184
108
238
118
183
189
248
78
244
36
85
219
137
204
14
28
37
205
44
13
229
62
104
14
193
28
214
151
191
10
101
131
212
17
226
14
219
101
104
33
17
72
137
48
98
197
26
14
201
188
241
49
35
191
91
29
18
187
200
195
162
161
163
80
101
253
47
157
44
103
231
254
165
254
121
16
80
134
3
24
232
239
64
58
15
208
90
121
238
223
74
105
26
99
39
79
193
163
215
13
73
177
255
163
209
245
243
135
16
229
156
123
10
161
163
115
135
246
122
210
194
36
193
205
151
182
197
55
93
40
135
194
40
223
144
200
82
63
49
175
130
45
69
57
35
28
188
12
95
204
116
72
83
81
27
247
47
16
0
130
15
98
174
56
162
13
63
206
111
117
249
188
167
208
245
181
78
75
96
25
188
105
185
23
127
101
98
124
222
132
8
163
226
163
241
28
201
113
155
210
217
175
18
122
29
55
98
227
248
80
216
125
70
238
11
88
166
95
177
19
141
75
24
165
228
166
182
37
23
134
113
231
219
202
172
19
182
92
153
111
15
4
108
231
123
193
57
164
99
52
165
92
204
251
254
78
125
89
214
15
35
70
123
80
186
87
41
18
150
101
239
25
38
154
234
4
67
48
55
209
61
25
11
240
164
194
113
224
59
187
102
11
92
187
12
140
104
249
128
20
32
189
109
240
226
93
110
96
113
144
60
106
243
245
198
205
72
118
3
35
88
238
215
144
30
118
41
164
41
17
66
186
235
87
214
226
31
217
248
184
154
39
44
168
106
146
162
196
152
228
183
215
133
99
247
46
129
77
37
247
154
254
184
227
73
237
134
6
129
221
123
121
246
37
103
193
48
51
78
143
186
180
81
154
85
13
219
183
187
242
172
222
185
16
213
82
237
163
194
220
176
210
107
54
119
211
69
101
181
20
53
54
55
60
117
18
231
56
60
80
95
224
148
187
176
188
87
205
247
147
247
90
137
73
185
209
137
217
224
224
200
215
118
151
59
218
221
246
220
202
79
139
156
181
187
75
70
14
84
124
132
219
123
7
98
80
164
239
5
46
176
71
136
212
137
14
92
195
23
130
71
0
143
174
96
194
211
58
199
65
71
105
41
177
63
245
204
82
5
220
218
161
102
131
210
242
158
125
218
233
225
204
229
210
255
101
6
39
103
40
134
78
48
28
254
28
45
55
47
18
84
240
253
66
242
111
201
194
27
231
70
99
90
27
22
29
108
171
47
11
6
171
11
214
58
106
133
11
154
233
175
103
224
80
21
197
235
117
144
132
138
83
56
243
60
67
111
215
215
92
80
182
81
95
167
22
88
189
192
227
11
22
208
49
196
212
199
18
97
62
120
248
230
141
76
131
75
139
73
27
173
0
112
120
5
41
228
5
17
71
36
206
32
203
116
207
148
22
41
140
98
119
109
96
126
241
30
93
93
206
121
206
144
179
136
205
61
158
145
29
118
206
32
161
204
141
108
10
250
66
86
219
216
97
25
8
177
216
147
13
106
27
153
197
159
101
48
200
6
181
225
189
94
31
103
211
198
252
8
106
122
59
237
210
132
170
64
68
65
16
205
85
122
44
94
25
124
254
63
246
152
133
225
121
194
108
30
10
125
242
30
160
219
14
43
112
213
101
215
181
111
225
218
47
220
208
9
1
65
215
105
50
48
236
240
66
5
118
148
37
143
180
198
73
97
155
206
109
113
125
96
155
231
50
199
54
161
35
186
246
138
183
100
22
16
55
129
251
77
127
70
84
232
92
42
47
54
154
89
127
229
244
27
8
238
183
203
53
32
39
229
229
45
19
148
184
236
22
28
60
244
84
250
189
35
79
247
82
53
94
254
106
180
207
94
6
231
173
203
245
89
163
151
241
5
46
169
108
175
37
96
229
163
102
163
255
90
126
136
2
28
50
167
122
75
68
167
62
86
105
157
200
1
71
45
70
197
155
226
136
173
128
197
150
240
36
58
22
29
112
192
103
194
19
35
194
25
182
170
188
113
246
128
148
63
172
34
116
92
65
225
221
71
3
112
90
158
63
80
228
232
75
51
233
71
246
4
162
135
247
103
108
114
96
80
100
136
187
196
164
248
142
148
126
120
182
237
59
46
131
86
52
96
243
93
3
150
208
206
27
32
226
41
220
118
193
159
192
172
99
117
17
229
228
62
137
205
146
134
150
49
255
139
227
240
149
94
240
139
207
252
131
221
213
85
144
139
214
101
52
60
240
74
182
28
3
77
173
241
125
183
208
81
95
20
214
195
8
211
241
25
98
183
83
8
21
134
172
117
4
248
54
182
126
5
182
80
86
75
82
210
159
76
32
206
242
90
202
227
109
243
204
218
225
8
126
63
177
183
51
26
220
168
188
174
26
219
129
2
130
168
142
242
95
176
217
130
175
186
206
212
97
105
97
141
33
96
25
137
148
139
39
206
127
208
159
90
111
129
181
174
33
245
165
209
163
206
74
212
139
69
52
187
138
96
126
71
255
192
231
71
234
126
85
175
93
63
8
167
223
55
240
47
102
121
136
161
220
90
19
166
121
155
236
86
223
30
245
115
239
120
198
31
50
233
173
143
168
76
206
109
127
169
90
211
113
53
126
14
38
144
75
8
80
40
178
229
241
110
175
242
150
247
25
135
169
60
35
13
212
233
4
119
192
61
188
139
73
81
151
9
240
125
8
230
192
72
58
143
148
69
182
10
146
222
113
20
66
95
50
247
244
188
250
77
3
127
107
87
188
106
24
227
149
125
83
176
179
49
42
10
244
85
33
204
179
83
249
177
220
31
50
216
38
95
152
13
241
118
42
26
50
199
208
185
63
135
170
25
176
16
199
8
83
160
5
185
81
147
120
8
136
115
208
19
217
177
239
24
242
103
4
174
169
114
145
129
182
40
128
38
94
94
58
49
94
217
44
51
151
23
178
199
53
212
222
193
156
99
130
149
52
10
199
134
4
101
192
135
31
174
35
55
236
26
11
18
157
145
74
141
219
189
20
136
164
195
221
70
125
52
211
113
146
203
167
113
128
42
216
32
25
147
124
138
175
141
227
89
83
173
51
158
167
168
21
75
11
211
253
244
79
75
73
159
248
204
208
112
172
77
248
168
23
89
204
36
180
98
201
30
45
248
45
133
117
49
237
59
34
127
78
255
118
96
248
138
182
238
242
186
225
75
59
121
200
121
82
132
186
181
43
52
165
142
137
98
153
77
2
209
31
34
139
58
204
199
30
70
210
22
146
169
12
126
13
218
9
234
14
250
248
95
105
178
22
77
180
19
77
253
15
208
213
57
233
208
37
254
198
174
17
52
219
80
6
139
237
152
206
76
164
38
218
27
166
195
60
66
157
100
210
198
253
60
43
26
90
46
248
51
239
134
207
124
63
140
98
58
218
29
65
231
57
59
77
219
31
49
73
25
64
206
119
50
168
142
0
90
82
216
101
28
220
224
186
139
21
252
71
114
42
231
163
7
186
223
1
134
157
61
29
97
138
161
199
175
253
186
84
3
167
6
239
73
5
244
164
184
172
34
9
139
117
230
94
238
89
144
200
185
156
109
229
250
23
180
119
6
243
98
149
255
24
142
227
237
178
24
119
218
59
76
52
209
1
60
200
250
12
60
255
192
86
219
57
246
10
252
207
81
254
189
139
