251
245
174
234
111
121
214
102
93
117
97
58
236
14
41
153
46
90
30
22
227
143
224
81
191
147
181
255
247
198
50
104
236
248
101
217
79
96
21
176
231
130
60
32
246
31
244
13
32
114
3
50
192
160
176
158
250
2
114
92
195
61
194
138
160
212
186
112
169
123
17
202
208
1
159
189
153
148
72
62
86
40
173
80
129
21
37
71
60
17
117
80
206
145
103
65
21
149
195
191
50
118
146
36
173
113
5
220
180
60
58
18
13
44
126
157
83
245
29
39
8
129
191
127
151
229
35
108
159
48
21
6
59
187
248
111
163
133
183
249
64
36
169
24
188
11
173
2
161
69
189
120
71
149
1
51
84
43
9
23
38
158
129
88
192
5
50
190
193
193
87
17
80
232
57
46
153
151
90
116
126
129
91
92
93
220
21
170
64
91
119
109
38
201
135
4
242
251
170
123
126
122
242
63
22
52
72
74
249
41
16
97
164
224
202
37
16
18
224
28
27
106
101
7
170
53
93
253
237
78
88
246
41
160
175
63
13
42
242
15
200
24
37
96
207
71
107
155
111
248
165
184
21
225
143
228
143
45
252
88
244
176
210
25
99
148
138
1
23
68
212
84
12
92
152
255
177
199
48
56
245
51
235
208
3
130
43
45
63
235
24
32
125
122
40
119
64
219
146
71
227
146
38
249
186
237
53
122
229
27
204
130
100
75
147
202
110
147
149
209
153
250
114
103
208
129
136
120
177
91
228
174
203
198
186
246
19
167
206
171
200
73
159
10
89
145
71
157
3
172
22
97
87
195
222
30
96
6
150
74
12
39
239
109
197
140
78
67
186
174
27
22
38
124
206
159
174
174
199
17
150
80
78
244
151
182
105
90
179
148
16
66
67
103
125
90
109
96
198
151
113
207
198
231
170
186
76
46
191
28
40
191
251
94
40
65
23
117
147
54
119
40
162
31
251
108
68
224
10
212
60
190
157
78
202
10
251
49
193
201
43
31
12
136
136
24
72
7
77
176
84
28
121
170
255
235
254
75
35
74
84
167
234
74
117
129
223
229
2
247
110
196
99
208
237
4
197
118
78
85
119
49
102
185
255
144
142
106
30
200
48
88
35
249
3
26
154
149
186
43
247
56
202
175
89
120
34
114
17
120
60
97
62
135
226
12
231
56
27
156
103
187
62
93
233
227
143
87
32
47
248
157
78
148
181
21
187
85
64
28
194
44
17
26
185
223
155
104
185
62
150
176
137
238
46
151
223
155
53
244
246
23
172
88
43
212
46
215
155
69
131
50
44
243
185
76
121
180
87
221
111
213
173
177
15
79
205
231
21
131
203
131
118
213
100
251
44
246
176
152
121
89
27
83
180
142
155
175
98
22
223
45
17
117
171
249
243
69
58
218
1
205
45
223
140
131
198
143
253
254
154
236
174
201
112
140
163
52
251
15
223
100
101
154
246
159
159
118
12
209
150
204
173
237
0
85
233
204
188
93
63
55
208
146
24
178
88
142
51
64
77
110
222
215
154
55
17
22
163
218
41
174
217
155
162
124
26
173
62
211
202
97
122
144
14
129
127
88
71
127
160
214
48
118
195
169
239
171
103
164
165
225
113
122
125
32
231
169
142
84
76
91
198
9
142
241
174
56
143
69
213
108
58
136
30
38
201
115
138
219
140
14
99
6
100
152
7
163
218
149
153
229
161
125
74
223
236
128
231
113
245
68
254
135
217
3
136
105
217
40
80
25
85
98
67
126
222
250
252
202
25
193
241
83
136
217
163
185
138
44
133
254
95
41
22
149
62
73
214
46
86
117
107
49
47
108
169
9
90
212
171
195
203
153
136
189
72
86
226
74
229
127
241
187
201
208
150
196
52
219
218
9
120
4
2
3
202
149
30
212
193
43
236
132
15
129
127
159
224
55
219
234
78
248
201
229
111
114
204
106
18
98
251
252
187
253
233
183
136
153
176
17
183
255
126
9
62
62
78
34
5
119
57
201
246
59
167
43
205
170
53
158
123
194
223
185
2
186
13
128
147
125
228
168
120
76
48
61
16
128
165
136
250
201
25
75
43
70
28
163
28
123
226
76
162
205
91
131
14
242
87
1
13
151
153
68
43
253
24
24
244
17
144
86
44
173
189
147
60
139
182
87
95
128
175
9
90
17
90
99
105
186
110
9
188
244
26
60
107
64
254
113
97
71
202
8
32
157
157
28
132
202
253
122
46
106
81
111
212
36
252
185
115
177
94
132
155
234
253
14
167
61
228
179
8
11
126
160
207
183
20
146
237
231
137
69
227
41
202
165
30
186
208
163
106
6
17
238
90
67
64
122
19
37
235
227
25
254
250
140
104
239
242
47
67
213
79
152
152
152
68
52
43
6
212
163
225
241
73
139
247
214
206
207
195
64
100
45
153
23
189
80
131
208
184
236
46
80
245
87
80
53
217
27
145
236
189
248
186
199
180
57
75
158
208
4
130
86
68
230
138
220
21
36
102
92
68
124
238
232
71
119
4
17
245
205
83
8
84
160
85
19
33
45
132
93
46
204
139
141
229
154
37
140
226
57
206
142
196
180
16
150
202
104
119
65
56
167
240
245
36
165
30
87
81
208
184
223
197
27
239
213
164
185
234
249
199
137
191
100
100
58
249
89
235
178
91
39
163
10
140
157
199
90
14
220
92
107
111
222
222
235
252
246
134
67
61
123
160
51
51
161
255
185
16
226
52
181
161
30
125
108
73
246
167
227
39
220
103
101
146
150
86
83
203
204
237
71
254
164
22
221
251
41
208
34
195
240
187
97
99
177
40
192
112
237
108
109
194
01110101
