130
185
184
101
248
87
210
11
193
230
118
235
203
198
169
54
125
182
186
232
165
10
82
252
154
99
236
69
204
176
47
96
230
184
26
130
194
142
58
165
21
116
222
249
69
184
190
249
206
239
212
28
92
139
78
247
42
19
117
119
113
87
6
97
143
152
214
19
142
168
235
60
120
124
16
248
161
245
112
126
188
211
6
39
236
30
76
194
107
107
208
92
83
110
248
205
151
212
184
89
193
232
157
62
38
99
49
205
4
197
137
152
16
163
134
196
84
71
227
102
237
241
37
29
136
144
161
11
51
227
227
125
0
63
63
168
25
208
163
32
44
220
202
208
108
114
102
45
110
57
199
57
169
21
2
67
50
76
246
178
133
110
39
156
195
187
199
38
228
40
143
12
84
89
45
81
46
96
121
14
193
70
227
149
139
96
100
60
199
16
234
132
228
251
238
141
95
200
85
92
139
204
113
43
101
158
47
217
192
85
137
126
25
104
13
99
66
32
62
196
194
177
115
219
66
227
38
44
159
232
0
211
222
97
37
128
56
41
37
247
195
68
204
235
234
220
247
155
188
111
232
236
79
209
74
232
157
141
212
93
250
236
145
46
227
147
55
112
37
215
175
134
96
144
32
88
21
99
15
209
30
11
138
224
183
59
109
26
226
128
52
96
236
88
153
59
240
181
132
12
151
53
23
199
90
168
34
245
193
182
158
25
242
99
5
161
119
128
18
246
98
214
144
101
109
197
93
124
75
108
197
250
85
141
49
33
174
66
172
238
11
89
56
83
156
18
201
141
226
186
37
255
88
168
222
172
57
248
99
155
85
71
102
91
154
35
21
124
44
76
236
64
222
159
248
153
135
69
109
53
126
78
213
167
115
255
108
137
92
179
151
128
97
156
149
225
34
38
140
253
198
43
7
146
17
212
120
137
9
58
115
116
192
191
99
164
238
10
185
223
141
211
102
143
70
130
169
175
86
60
8
19
173
118
109
223
243
184
6
92
75
135
124
42
246
158
139
66
48
153
46
26
98
96
179
106
190
77
172
118
13
25
91
22
134
107
176
127
139
63
212
213
233
95
36
3
98
157
216
168
190
79
166
97
75
213
159
130
80
176
91
190
165
84
163
83
34
181
132
148
197
153
133
178
76
139
249
21
248
241
98
215
155
195
107
131
146
189
51
206
20
65
65
94
201
31
159
10
34
35
26
171
12
207
206
8
143
62
136
122
101
10
200
3
66
16
157
70
79
36
184
28
28
66
170
26
227
113
45
71
207
126
20
104
79
182
130
171
66
171
113
133
197
73
168
29
212
27
76
206
107
201
199
114
162
100
105
195
1
241
121
91
23
48
210
109
68
154
233
139
223
116
99
84
179
149
187
168
47
90
76
216
44
191
218
115
208
73
130
89
228
245
200
111
122
251
141
249
210
26
222
205
67
136
255
137
109
157
148
144
84
43
83
43
92
8
112
137
151
125
182
178
3
71
218
189
91
73
203
239
184
38
10
10
248
222
155
31
244
211
225
44
66
236
146
175
188
255
236
222
21
88
27
53
33
82
139
26
153
92
44
129
9
16
156
147
80
27
0
150
226
197
254
97
102
53
208
242
60
68
50
191
211
255
103
53
187
41
210
38
141
28
106
126
69
209
47
9
71
138
57
0
211
166
183
166
31
52
177
233
10
186
179
97
186
87
89
159
212
195
223
57
122
97
96
72
157
174
79
168
93
8
70
196
210
50
102
190
220
71
245
145
21
185
231
225
49
32
81
225
92
48
80
75
79
40
69
238
177
155
166
136
237
148
156
49
40
197
228
169
66
190
91
79
0
26
100
194
158
15
136
244
95
194
232
255
93
167
112
8
86
11
215
155
94
245
49
121
23
173
154
185
164
40
29
184
149
192
77
40
225
45
124
32
85
37
96
240
152
84
65
150
149
100
61
131
145
134
129
36
173
130
61
118
194
229
220
203
237
20
163
225
101
175
42
102
233
224
242
57
56
137
69
188
169
95
163
17
250
87
116
249
123
185
75
176
205
189
46
101
200
148
166
97
75
58
84
151
207
106
33
117
233
205
211
190
220
20
230
48
94
16
115
76
87
168
184
8
210
196
212
182
137
180
220
11
250
227
13
64
244
164
33
189
118
63
231
99
21
249
179
149
145
179
32
49
195
198
103
15
70
105
176
101
225
18
146
207
68
2
57
117
89
148
178
201
67
45
139
181
159
170
134
112
207
186
12
252
107
24
253
121
179
39
192
36
33
141
48
82
222
254
254
150
166
132
163
232
29
134
195
197
82
169
83
73
224
170
180
190
113
66
177
149
192
233
235
115
110
172
137
113
226
49
231
217
84
121
210
118
155
60
73
148
111
145
199
189
122
65
147
185
107
159
178
114
82
40
219
101
2
176
117
198
59
101
252
201
152
203
95
153
119
5
31
185
42
165
48
231
241
44
253
228
248
100
210
229
235
85
155
222
157
85
192
148
133
85
201
7
85
128
67
201
156
12
183
193
25
236
77
86
166
29
176
26
153
56
97
62
176
187
169
103
148
195
161
69
83
250
131
28
152
236
136
106
152
254
87
74
90
210
111
243
124
55
232
183
95
200
155
179
201
122
105
207
36
34
210
0
146
191
117
170
72
137
56
4
249
174
191
43
232
236
213
150
179
149
35
216
237
88
198
103
252
69
101
245
106
136
145
121
193
212
193
88
31
43
11
64
11
74
188
243
110
193
171
210
173
44
249
70
233
248
152
91
99
255
165
124
7
100
16
22
113
222
84
182
48
50
107
16
165
86
152
96
1
199
183
20
6
183
62
57
119
135
47
27
89
187
28
124
219
93
151
178
84
84
118
47
142
27
26
80
77
91
35
183
85
90
146
9
96
66
62
111
110
126
108
116
44
48
117
159
180
4
139
48
29
23
7
79
102
137
28
218
135
3
97
209
215
117
44
204
106
26
87
206
139
234
56
235
41
172
21
172
46
26
209
132
196
205
68
22
115
160
14
140
61
126
98
200
14
90
183
219
255
77
144
39
48
116
242
21
211
254
18
181
187
235
143
196
32
94
165
231
199
163
140
254
70
203
199
54
144
50
146
64
1
44
124
229
75
11
168
140
112
106
225
253
80
112
116
133
173
98
177
84
127
122
167
156
194
99
212
101
156
0
224
89
153
222
59
86
80
46
1
248
217
153
35
84
45
85
160
125
102
87
41
90
118
245
24
21
66
99
11
140
27
48
18
118
161
153
167
247
33
169
148
27
35
235
174
159
26
88
143
142
145
24
18
229
114
53
222
42
5
207
115
0
160
153
141
145
142
130
221
197
25
254
20
24
44
54
36
25
131
110
161
118
5
12
89
255
148
206
121
165
254
141
140
22
201
235
58
188
177
18
107
184
177
108
98
126
172
22
131
32
238
105
42
5
231
59
102
13
148
78
225
105
180
175
66
93
217
53
115
21
61
185
54
135
54
150
34
34
153
45
54
116
100
219
127
117
192
169
225
189
185
27
177
153
176
71
251
231
132
82
79
147
127
80
21
254
11
80
187
156
66
233
195
156
200
176
138
49
123
86
12
197
48
170
121
41
12
186
221
116
69
70
118
66
149
21
98
235
82
241
248
5
164
144
214
133
61
190
73
207
238
172
244
184
51
201
171
252
3
73
40
238
46
29
61
188
129
34
142
224
90
63
242
220
182
18
132
83
138
110
188
86
234
44
35
16
228
106
112
45
127
223
250
205
57
20
166
202
53
253
101
157
202
142
147
40
180
233
2
10
201
228
72
43
70
22
143
215
216
130
74
114
105
210
28
53
130
207
48
77
145
244
7
212
175
77
207
191
181
174
2
49
37
171
242
139
130
85
150
251
45
119
146
104
138
172
41
55
219
4
152
145
186
115
77
214
173
199
228
203
115
130
194
83
16
240
233
101
106
77
205
175
231
221
143
124
116
6
72
185
53
113
91
54
95
248
99
122
131
137
42
22
205
86
58
61
108
160
120
68
62
31
21
66
57
161
161
29
188
93
84
55
113
173
7
40
44
223
77
144
94
221
4
193
197
66
230
253
90
80
151
84
211
28
83
191
130
145
185
246
73
118
237
71
11
214
252
28
60
50
220
198
244
193
239
89
210
150
38
138
154
22
176
18
100
91
68
220
203
238
225
83
214
43
40
197
167
37
75
195
182
119
6
78
75
128
164
180
239
27
35
92
158
238
226
178
152
91
84
72
21
119
221
80
14
172
221
32
219
216
52
181
112
28
115
200
121
104
89
212
249
101
50
250
45
180
75
179
143
144
38
227
253
192
53
120
97
25
50
0
43
104
114
50
208
218
153
12
30
200
145
69
6
217
122
0
192
251
212
130
235
148
140
77
149
245
82
128
59
228
238
81
128
249
46
135
181
31
7
127
52
187
178
209
244
176
172
25
61
38
69
230
145
54
174
20
175
253
153
0
69
52
35
63
131
78
81
225
205
167
208
128
111
166
155
178
206
19
128
15
125
247
20
46
133
144
159
43
191
245
165
230
27
78
60
54
212
32
219
104
222
139
217
67
78
9
96
131
146
231
222
23
226
139
124
243
228
206
101
18
30
131
77
146
68
90
143
177
42
102
76
250
16
183
7
22
47
122
180
9
164
48
182
56
201
41
7
113
51
126
165
48
253
45
101
51
84
31
129
43
191
240
247
65
47
13
71
193
7
42
42
188
215
44
233
54
227
167
98
36
222
151
51
197
201
252
255
126
148
123
194
220
205
231
193
110
5
59
1
154
44
69
66
94
166
75
142
92
104
107
202
149
46
228
29
138
165
251
88
1
82
18
87
12
31
134
174
147
135
235
235
114
178
68
237
183
138
152
80
192
85
162
234
21
165
243
127
233
188
132
17
38
138
31
183
224
24
191
164
143
191
75
64
151
212
121
192
177
12
187
91
113
102
16
244
57
123
83
64
228
119
158
11
115
117
228
234
185
186
212
92
92
129
130
150
196
19
31
122
28
9
102
168
191
230
9
55
97
59
120
138
184
62
23
133
133
122
63
145
0
169
141
221
63
56
169
94
250
156
1
150
22
224
245
34
95
81
219
93
192
115
32
16
19
148
125
5
125
194
152
127
213
201
186
71
122
103
99
114
108
194
205
15
3
102
232
152
13
138
254
33
237
17
137
170
199
41
192
165
135
101
153
211
41
94
111
42
115
122
226
37
234
31
219
109
38
121
250
153
243
79
102
239
173
102
226
102
137
201
86
103
49
152
100
129
217
20
242
114
143
255
110
131
21
34
245
98
18
92
189
50
65
51
220
27
219
133
37
26
221
13
109
191
218
248
247
46
210
83
221
41
45
224
62
162
216
155
45
233
211
83
169
145
201
24
243
109
147
25
152
142
90
134
6
148
71
195
233
152
108
130
26
43
173
254
188
250
149
64
6
47
121
196
215
114
109
123
127
227
6
90
201
240
0
231
40
27
45
212
35
35
95
26
33
46
235
144
103
249
91
215
236
93
102
102
151
112
76
139
11
25
200
106
142
137
98
137
184
101
3
247
203
25
110
120
238
243
43
194
165
17
170
138
254
75
14
31
219
193
198
197
199
130
27
67
105
105
163
13
144
235
118
40
123
54
36
173
207
110
38
197
64
238
221
15
195
21
36
242
141
51
21
134
13
57
100
196
74
127
117
172
246
49
226
72
242
82
61
125
205
9
182
15
232
208
170
184
213
131
67
52
213
229
140
65
35
2
47
140
140
52
35
191
38
47
7
222
59
123
178
176
206
177
220
203
183
175
27
113
21
69
197
252
235
213
119
246
218
246
195
182
8
95
242
153
82
128
120
109
35
144
59
126
170
51
119
55
12
123
150
96
93
231
72
5
189
183
252
153
184
243
191
151
190
172
216
192
7
24
12
193
249
140
195
149
192
9
194
51
8
149
49
38
5
80
85
134
149
222
93
120
237
177
163
11
199
9
75
246
238
245
222
109
79
149
9
65
8
33
43
149
68
4
106
28
224
44
175
184
178
233
46
102
149
131
247
240
173
61
244
161
41
85
80
89
171
151
225
26
40
71
30
172
0
230
180
55
195
206
158
158
61
206
117
109
154
212
12
193
202
219
3
67
194
54
193
11
214
58
22
62
227
219
59
136
239
58
133
210
229
102
18
172
130
137
252
26
204
73
195
142
8
187
93
171
78
143
41
158
2
56
58
236
9
146
154
173
184
162
174
134
29
72
186
221
253
63
150
127
56
51
146
238
95
172
142
217
175
62
193
93
178
15
151
233
179
140
182
69
187
161
70
142
229
24
206
237
171
35
93
226
173
153
76
45
153
218
94
28
126
85
58
227
93
73
224
85
44
192
183
63
217
236
58
181
203
16
251
17
67
17
97
215
186
30
64
6
242
158
11
109
56
135
170
117
4
21
122
225
107
155
1
90
209
196
163
20
216
197
68
143
214
6
226
97
176
39
69
231
82
99
61
16
9
246
46
248
18
234
225
51
120
33
207
38
116
50
164
110
9
184
133
108
54
183
237
102
1
216
52
154
250
79
107
113
174
20
63
80
90
247
50
219
92
54
92
180
64
66
134
196
210
88
141
224
131
167
221
24
155
206
191
241
26
129
55
228
97
96
9
205
83
184
171
189
4
217
35
196
101
203
106
68
200
203
35
194
154
9
195
50
85
148
40
55
0
3
173
68
121
79
26
219
18
188
144
117
26
113
140
251
15
222
188
129
47
149
243
132
147
240
121
84
244
94
130
188
147
80
39
11
60
146
234
197
238
7
149
232
24
237
232
155
189
40
10
230
84
181
133
184
51
207
122
83
73
73
58
33
22
48
71
70
78
141
118
129
16
211
73
170
182
240
50
130
157
103
4
235
3
240
154
139
57
48
154
131
77
36
197
52
98
41
54
60
217
213
128
149
143
80
132
184
73
164
176
252
144
76
185
55
71
81
226
241
101
187
70
61
163
203
94
60
85
46
67
131
241
210
21
72
15
250
62
245
62
234
112
93
144
9
127
67
194
213
23
184
169
208
34
166
169
250
78
244
204
221
54
116
239
192
33
34
89
109
121
180
185
200
107
150
170
88
173
104
226
141
208
110
71
44
4
186
74
141
63
19
175
182
12
64
23
82
249
37
135
245
20
197
165
204
194
11
1
226
13
119
101
91
27
158
41
229
211
57
241
16
7
56
212
78
98
24
225
229
229
250
88
177
139
233
180
100
201
116
34
143
25
207
38
24
182
19
142
146
82
149
69
247
178
56
255
162
83
94
92
193
216
22
118
184
80
106
73
114
195
226
205
149
29
1
140
69
148
118
38
245
106
201
224
227
132
27
82
98
191
223
149
69
240
174
213
123
250
121
100
127
47
10
249
28
104
254
103
116
223
155
180
15
74
196
202
19
153
240
118
5
253
173
153
70
255
253
151
38
56
67
185
123
18
39
212
187
255
97
213
250
208
76
242
124
147
115
194
13
132
234
192
86
195
69
238
139
161
225
233
249
28
78
209
13
88
119
43
203
194
82
112
191
202
212
132
228
95
22
26
76
77
196
101
46
30
254
68
87
66
194
179
222
231
69
226
115
185
164
146
122
211
127
187
134
82
175
15
154
193
102
46
105
85
102
57
120
163
170
19
173
164
236
138
24
242
162
14
189
101
138
84
80
135
243
151
68
12
92
96
46
93
145
215
62
66
216
136
44
253
117
11
56
191
241
104
15
117
104
142
4
10
251
105
229
228
147
170
40
130
89
107
228
56
132
155
173
246
151
172
164
164
154
119
22
90
203
125
247
44
206
225
107
220
116
155
244
190
168
188
59
10
235
15
179
114
124
48
32
102
229
226
129
251
182
147
172
18
161
101
9
252
81
115
254
132
44
154
104
198
166
107
21
145
225
244
224
38
46
106
85
174
89
6
197
77
38
120
172
235
166
176
255
139
91
227
215
151
90
151
208
49
216
64
16
209
178
43
207
96
173
189
133
91
62
234
55
95
36
85
190
136
228
91
248
83
127
159
58
76
180
58
228
137
180
231
76
229
125
178
157
214
245
218
188
7
249
17
241
243
104
128
199
46
116
133
185
167
230
195
121
63
157
183
203
191
104
60
37
72
2
208
22
212
225
22
162
101
152
65
93
212
190
147
107
33
133
151
44
50
197
214
46
109
235
200
2
199
143
48
29
55
166
28
151
112
100
130
241
246
223
183
64
214
118
126
241
149
45
184
173
255
230
254
156
165
164
30
17
74
68
225
242
13
73
179
83
63
212
121
199
253
216
191
82
245
161
192
131
229
214
27
185
94
185
189
27
42
229
167
91
182
137
8
100
77
222
22
48
144
239
164
204
232
73
58
250
232
85
72
224
62
57
126
88
123
196
128
80
100
194
116
21
153
177
195
2
3
227
53
221
230
29
225
76
194
210
12
164
67
92
87
95
68
134
229
137
106
32
131
214
161
128
89
33
106
207
45
227
79
62
122
243
153
53
141
6
197
144
226
120
82
42
103
175
183
99
246
35
178
176
88
174
89
90
42
4
153
225
125
22
215
7
71
226
88
249
204
138
3
168
185
46
168
230
46
49
32
242
38
2
20
153
16
237
186
88
149
57
233
84
53
17
222
80
203
79
43
190
0
83
190
90
90
210
10
44
79
3
6
148
206
93
81
41
134
128
1
85
127
217
54
67
138
117
95
97
225
234
195
178
199
69
93
151
166
234
31
197
147
195
100
19
143
135
224
122
197
3
127
18
212
184
227
31
232
95
219
142
135
232
211
124
214
137
248
102
139
111
49
11
52
222
92
207
222
202
178
242
71
134
239
255
194
221
236
244
164
20
96
210
197
70
139
219
119
132
201
100
201
104
205
189
121
99
92
94
9
10
94
57
202
39
114
156
232
210
83
202
252
12
154
15
96
58
96
176
245
212
196
69
126
108
111
155
65
144
83
195
152
7
41
61
88
41
132
10
106
13
199
155
10
152
73
21
230
141
120
153
172
96
132
76
154
123
152
54
245
64
254
37
58
254
37
246
172
201
159
222
61
15
243
143
99
230
215
189
21
236
227
160
121
249
66
114
7
100
24
74
210
128
124
137
83
84
102
148
6
216
203
206
9
250
221
244
109
48
13
150
177
77
98
124
128
59
190
169
250
22
152
183
196
208
208
161
115
105
227
3
36
110
196
91
1
155
137
78
101
72
178
18
17
163
14
151
243
84
149
17
14
75
96
38
51
69
126
29
107
69
18
94
207
226
211
169
184
28
38
55
114
197
231
10
153
187
73
80
246
240
198
168
151
207
180
94
14
189
51
27
61
96
247
26
0
35
121
198
178
209
74
115
157
229
59
169
76
112
155
63
82
160
169
194
154
133
235
252
4
115
10
53
183
127
106
76
133
49
186
2
244
180
241
88
178
233
160
79
240
2
255
174
177
39
31
174
253
36
40
108
107
112
16
107
87
125
19
73
17
125
92
28
236
40
29
217
192
124
86
137
24
140
41
73
95
67
191
103
2
64
254
101
94
13
18
130
151
200
146
5
97
203
156
89
110
64
239
252
1
227
231
248
118
254
17
254
168
153
147
176
213
130
10
166
20
79
130
54
159
210
84
35
91
68
16
210
114
45
121
54
207
50
52
101
127
62
70
64
184
195
32
29
18
203
17
59
129
51
9
57
251
140
201
3
240
227
229
31
1
91
227
249
30
59
161
219
208
209
91
146
135
152
1
211
129
92
130
241
155
66
233
210
30
85
122
29
106
158
42
124
46
108
105
143
120
164
45
3
76
22
232
175
23
57
73
236
219
121
170
117
73
209
146
119
239
70
232
244
230
95
48
201
13
149
204
32
230
195
208
237
25
156
134
223
123
66
245
205
176
164
60
195
251
132
52
227
85
130
9
24
157
157
91
10
170
125
146
83
6
56
9
228
215
1
125
120
67
176
150
158
209
238
15
245
56
20
96
88
35
93
208
185
202
201
182
88
60
28
203
14
229
179
100
83
242
117
249
145
76
200
155
103
198
200
69
111
235
31
211
161
101
181
131
62
154
179
78
222
234
140
116
57
24
185
106
240
62
98
153
171
87
180
22
158
43
117
160
171
27
143
14
158
28
220
125
123
193
89
97
22
21
181
75
172
248
66
14
172
239
62
200
2
74
109
5
251
211
66
239
148
213
105
58
128
121
169
246
48
138
19
177
98
64
39
16
49
143
43
90
114
153
57
84
90
98
211
175
47
185
36
85
106
254
223
100
44
198
169
130
21
76
196
95
16
65
3
162
130
109
229
26
105
224
199
151
114
240
42
157
194
188
37
23
244
25
53
22
248
163
186
82
104
166
217
32
183
206
181
134
164
235
193
128
158
65
72
80
145
99
233
170
40
220
69
185
219
155
168
123
212
108
163
200
208
7
76
56
122
225
127
88
134
180
234
81
5
63
142
115
32
164
153
33
164
127
50
114
52
236
126
12
183
117
184
182
174
136
22
185
210
20
66
241
210
115
130
246
193
93
180
220
1
246
36
245
69
25
191
215
217
78
10
48
182
239
243
73
169
136
94
217
121
224
209
88
30
202
229
122
208
3
109
89
138
228
175
232
155
125
224
25
167
207
224
80
12
220
221
40
244
120
120
171
182
81
236
165
168
7
23
55
176
244
162
176
218
210
121
12
237
54
189
184
199
60
153
75
42
56
91
125
146
232
26
109
114
81
164
89
77
174
194
43
193
71
200
229
219
104
199
41
192
156
149
40
221
175
224
63
40
33
24
96
86
252
121
176
81
16
43
152
110
234
177
41
42
101
41
201
45
195
95
85
153
251
177
67
249
95
111
186
5
32
130
137
59
51
125
249
48
29
97
179
138
105
136
51
120
4
7
193
43
162
228
125
123
97
82
150
16
144
52
71
139
19
25
127
213
3
123
67
147
0
78
184
13
184
148
240
32
108
137
14
141
245
191
170
86
36
248
230
33
104
176
107
248
127
197
140
252
27
185
128
14
248
141
120
39
80
247
85
109
248
130
247
127
173
171
231
74
36
96
7
56
169
49
170
0
114
141
227
17
153
96
138
165
114
145
231
12
69
254
225
5
26
103
177
211
236
222
56
77
56
82
24
208
154
224
82
29
110
108
170
104
253
49
159
214
224
216
83
30
66
219
236
19
44
26
105
183
128
26
165
160
21
57
208
8
230
219
42
165
54
204
159
145
37
147
234
102
204
26
201
6
61
193
190
182
147
114
48
120
169
31
186
60
114
205
234
22
72
96
35
121
237
19
152
60
196
229
86
187
215
252
55
199
121
84
127
2
97
195
132
241
173
248
206
249
252
198
118
101
213
176
95
216
127
238
102
139
91
96
55
68
201
227
74
79
205
180
255
237
155
44
129
102
216
58
70
105
252
240
247
247
2
243
12
45
85
161
40
223
139
15
175
32
217
207
14
17
27
204
86
114
2
10
172
255
89
239
185
186
207
171
90
90
35
65
178
150
173
24
67
160
133
131
243
174
80
145
236
69
250
171
38
55
125
136
15
46
185
28
12
219
243
193
105
193
16
177
29
115
17
143
86
95
44
183
154
80
220
187
89
191
132
219
147
209
175
75
120
117
111
253
38
75
99
159
116
181
234
217
244
81
159
25
219
197
5
114
226
59
145
167
60
148
226
22
212
249
146
119
165
41
180
217
70
79
140
99
80
62
201
254
172
168
223
88
228
35
146
0
134
42
81
172
183
236
207
39
150
14
143
14
210
29
80
41
240
76
113
10
123
215
204
23
166
63
17
126
188
231
77
197
159
189
156
32
159
80
242
36
248
171
163
3
187
13
243
90
242
190
177
13
226
113
93
254
68
116
15
66
73
135
79
108
116
12
161
153
42
233
158
18
174
118
193
130
249
89
121
218
123
19
195
26
16
245
85
8
241
60
234
66
194
247
133
101
111
181
239
187
218
101
148
187
5
210
89
251
67
189
90
243
213
246
119
183
63
189
179
24
234
123
70
22
152
50
57
144
80
231
144
102
80
195
234
178
128
186
30
83
26
113
209
134
225
73
165
113
171
127
152
118
255
54
85
18
183
20
192
103
143
124
195
33
33
84
169
186
195
46
251
132
134
99
216
87
202
132
170
218
227
239
226
65
138
224
250
149
252
154
56
70
7
122
220
35
214
186
191
250
38
65
25
236
99
196
63
178
219
180
11
187
218
35
122
102
219
144
39
62
124
23
113
142
81
191
182
52
237
166
75
7
141
122
75
189
197
226
212
79
242
56
29
78
133
228
177
110
31
69
7
17
152
206
230
110
220
173
124
207
93
216
71
151
24
80
128
13
122
33
14
57
213
118
115
90
206
7
185
235
205
222
105
148
180
8
101
122
192
70
131
133
120
146
30
227
4
73
237
50
94
218
37
129
66
15
116
67
72
76
112
137
218
170
203
229
52
170
62
189
219
201
39
58
95
63
232
116
193
70
117
156
67
210
200
223
232
168
0
2
38
62
131
54
168
89
2
129
158
111
60
73
178
254
1
91
91
57
131
12
8
69
120
79
91
130
67
125
196
104
238
143
163
122
27
247
237
29
42
208
200
4
121
187
93
156
173
6
88
180
163
176
38
4
89
167
2
102
171
56
8
70
85
0
84
141
31
132
223
151
163
147
44
52
73
4
148
168
25
175
235
137
137
93
21
168
9
147
245
90
37
61
242
245
208
165
253
46
228
3
188
211
48
107
98
151
102
146
174
229
22
150
187
55
214
133
5
62
201
75
73
3
154
191
52
41
50
108
248
123
244
87
50
134
179
103
107
19
57
215
11
21
196
202
223
151
69
150
237
248
51
60
221
136
119
149
136
34
36
183
39
133
227
72
176
24
195
226
160
192
49
153
128
55
202
37
115
45
227
134
97
241
87
123
208
224
194
86
5
202
129
19
101
194
122
246
162
51
95
71
209
4
210
8
24
143
77
129
126
156
245
244
151
199
175
225
165
219
104
166
162
163
244
155
99
150
162
224
234
87
251
29
208
48
21
24
42
112
161
27
119
152
238
127
51
241
247
24
205
103
37
27
21
6
150
202
37
122
234
222
60
189
14
30
48
94
216
142
54
168
151
242
230
126
235
207
110
135
168
220
157
30
239
146
124
191
217
185
36
229
40
28
30
81
193
59
210
252
210
209
23
81
142
18
128
85
184
194
157
129
66
5
6
235
130
188
97
12
173
56
152
25
129
198
118
41
168
52
188
149
136
108
229
232
59
74
25
136
61
237
109
30
184
91
21
196
45
11
124
65
109
151
116
40
37
183
106
68
121
225
219
95
174
78
88
144
199
149
98
122
48
197
213
227
182
123
168
186
92
74
37
192
19
206
40
138
158
75
232
92
239
152
222
190
247
151
134
157
165
219
233
102
166
105
225
203
206
252
198
176
51
215
93
248
101
216
225
246
21
127
136
59
212
85
2
215
174
195
145
244
29
191
51
122
254
77
249
111
82
129
208
245
109
248
145
127
72
207
182
139
132
198
116
36
44
87
26
8
216
25
133
62
115
181
32
73
158
250
170
243
210
52
129
88
240
122
27
107
206
178
131
151
64
34
214
98
132
192
193
86
47
130
252
19
141
198
192
125
17
213
236
24
161
94
98
170
226
10
19
128
106
85
128
4
127
77
76
32
172
75
19
155
221
95
100
108
243
202
136
100
155
54
101
229
86
160
8
187
54
60
58
24
22
25
122
189
28
178
66
197
121
231
201
108
25
0
143
111
43
40
65
158
100
84
56
26
164
155
1
78
58
166
203
41
11
22
94
99
52
211
12
59
234
14
229
150
98
122
74
227
71
12
90
131
5
164
150
177
32
236
128
85
93
179
74
64
77
243
238
57
78
188
79
159
52
48
101
52
154
117
236
232
135
247
118
70
246
156
121
62
115
65
183
229
78
28
62
188
207
139
46
94
215
71
143
212
144
77
93
44
204
170
22
124
85
58
63
66
186
170
110
136
171
156
82
31
132
253
22
166
113
44
133
253
78
171
74
23
238
210
144
204
79
129
159
191
124
151
145
127
15
134
209
135
112
66
229
21
228
53
168
157
148
17
182
251
223
203
180
186
209
15
25
110
18
9
182
244
194
138
4
101
145
151
79
132
220
56
58
253
160
43
83
132
115
157
59
12
69
214
114
22
71
35
43
246
67
221
136
164
188
149
95
86
97
229
136
20
204
142
119
36
74
182
130
241
47
153
134
192
86
57
209
229
65
183
206
28
108
136
31
74
236
135
54
106
122
243
170
239
160
187
47
74
63
0
93
129
194
232
20
33
151
226
97
202
229
163
157
123
15
6
25
179
235
123
158
18
46
157
202
166
147
242
129
199
185
128
12
239
157
214
1
90
28
52
130
141
62
32
204
217
219
9
219
167
241
164
240
80
238
77
73
195
47
154
124
93
173
50
67
57
255
154
204
210
207
132
172
174
165
52
77
117
22
234
123
52
145
209
113
235
232
186
227
189
236
52
47
74
18
168
204
219
70
27
89
225
178
15
98
24
224
48
152
244
119
69
34
30
149
179
158
90
236
106
104
79
153
250
231
138
144
159
173
185
252
122
139
145
94
160
250
30
33
50
110
107
137
241
219
226
191
66
48
91
238
106
104
35
160
83
155
184
157
14
197
57
188
96
181
36
219
233
188
93
26
40
49
62
169
129
30
117
181
80
11
57
85
102
252
251
174
114
71
215
45
251
172
155
73
52
240
210
118
139
140
80
18
142
228
10
189
128
39
226
118
84
249
137
42
235
171
36
44
131
179
232
77
44
103
64
67
135
113
43
29
252
174
250
184
70
145
116
17
66
221
120
0
248
173
248
51
177
72
40
209
234
226
161
129
241
221
172
57
98
237
133
246
103
95
202
52
211
127
29
145
253
38
77
14
96
168
70
170
17
65
48
69
110
37
5
212
231
38
44
107
119
209
99
101
48
254
150
243
227
239
239
239
23
251
72
155
17
23
14
253
16
55
227
193
247
251
246
118
115
199
36
142
154
220
165
173
12
19
254
29
143
29
140
122
229
23
238
153
103
139
70
168
96
18
97
244
60
88
151
37
35
192
141
182
116
17
78
234
228
225
153
96
225
23
139
232
43
125
236
105
246
154
248
64
233
75
85
186
11
160
179
33
101
251
15
101
194
166
209
97
96
73
33
69
121
165
213
5
142
222
129
84
131
227
10
135
2
255
31
52
24
229
75
203
182
141
183
78
30
5
7
147
56
175
5
155
191
137
66
134
202
147
115
129
242
155
242
201
8
124
137
1
81
106
175
90
26
173
216
225
66
166
179
44
44
54
157
210
200
87
223
250
121
140
253
255
210
252
85
27
22
33
204
6
251
62
251
202
231
251
22
46
40
172
32
184
2
19
152
104
171
35
88
125
250
63
159
239
200
242
191
207
118
225
244
183
14
123
56
194
98
69
93
83
41
18
112
116
62
66
103
240
208
17
103
11
16
205
46
248
207
167
42
233
161
3
32
153
3
164
217
164
98
65
203
111
106
102
137
103
119
161
131
101
211
216
186
131
119
57
64
153
154
239
243
217
246
95
146
222
198
149
221
59
41
237
112
49
159
154
188
183
226
209
69
207
233
187
51
181
4
175
209
197
146
44
170
28
122
91
20
16
100
182
116
199
205
135
134
182
204
136
21
21
175
216
56
44
252
21
43
166
146
252
237
18
242
208
236
198
166
121
151
169
159
61
46
58
176
191
8
64
137
199
203
225
93
150
8
35
95
67
145
129
37
68
46
70
9
254
60
152
141
1
244
161
237
134
51
209
137
124
212
245
203
247
231
117
233
63
225
110
152
99
206
137
192
151
128
34
252
194
232
216
143
237
55
92
35
224
151
13
25
189
148
34
205
201
164
222
179
120
244
191
255
82
128
170
232
104
158
38
148
68
16
198
17
36
155
205
155
239
148
194
93
109
193
98
163
184
42
107
205
142
205
69
65
206
83
207
113
107
73
14
50
165
205
231
83
172
125
123
62
92
208
88
60
202
218
47
209
172
231
198
147
10
228
160
226
190
91
203
239
219
44
122
151
3
90
234
118
188
152
139
95
49
197
145
205
27
134
188
67
170
238
123
7
80
129
14
160
92
143
186
179
95
58
101
8
231
87
233
156
164
76
55
152
160
60
33
108
13
62
244
46
230
111
187
208
129
131
79
192
142
155
100
51
34
56
116
40
249
60
57
149
219
89
228
189
227
174
35
3
224
85
126
22
32
181
127
178
135
210
172
191
29
24
54
238
26
224
182
184
138
59
125
31
123
177
105
212
10
136
161
8
230
70
132
80
80
95
50
159
44
242
163
112
71
145
194
177
231
131
194
21
114
245
176
61
224
208
58
129
150
167
184
30
188
221
78
161
106
88
216
49
88
42
253
199
218
165
216
85
11
153
81
246
57
235
53
149
100
87
116
132
179
115
24
45
219
83
58
52
134
228
204
161
158
255
109
22
18
181
221
243
78
208
72
133
142
5
135
55
181
164
240
250
230
20
213
219
130
145
183
159
128
179
222
144
45
77
132
122
227
209
30
232
118
201
142
160
198
162
50
134
204
7
174
4
165
96
121
209
142
239
226
91
9
92
176
117
0
222
46
38
132
91
17
4
242
194
156
97
84
31
141
219
117
42
143
214
61
59
95
65
242
120
4
250
146
19
65
20
97
133
122
203
174
67
45
192
114
186
83
90
120
252
192
230
61
82
19
50
18
211
90
18
77
15
8
18
172
27
86
68
81
225
121
19
167
167
65
165
36
117
159
195
241
68
198
45
53
128
144
216
120
92
110
122
53
47
42
17
71
136
99
114
207
212
150
229
252
37
53
30
251
204
136
9
119
81
226
52
217
182
71
60
28
124
66
101
22
106
115
131
165
17
204
196
146
48
92
219
198
181
2
34
126
169
226
62
127
243
98
208
175
198
154
60
45
169
119
207
12
38
220
48
136
235
154
56
163
202
85
204
140
241
180
151
236
165
55
82
199
222
249
240
138
22
223
221
202
47
165
182
113
71
143
141
228
84
102
155
148
65
96
77
87
180
201
105
169
147
38
214
56
136
123
155
165
159
143
39
0
52
106
232
221
173
180
19
89
173
165
1
169
108
93
184
249
33
86
98
131
28
13
128
138
1
55
13
108
61
214
21
54
59
143
209
207
186
14
62
198
218
101
214
158
99
21
208
73
8
125
149
97
220
209
155
221
4
233
235
116
75
139
146
124
158
202
235
231
10
14
172
148
187
45
105
66
48
120
158
39
215
53
69
14
148
22
212
5
108
11
225
49
74
128
229
12
98
226
181
52
223
244
40
251
81
246
15
79
26
36
112
212
51
183
82
63
211
168
233
11
193
175
249
100
241
155
118
243
136
78
151
197
62
36
70
225
27
10
181
157
249
94
45
217
183
237
236
249
119
140
153
236
82
216
55
60
178
9
87
131
174
154
30
24
234
162
154
179
101
24
213
132
173
39
132
121
140
188
240
25
231
55
104
151
249
254
236
80
250
212
14
106
72
127
93
234
200
100
221
110
195
86
53
250
180
236
5
207
60
99
251
222
114
212
53
201
30
98
235
189
191
149
109
170
177
245
19
140
164
73
221
68
83
162
237
154
130
246
23
51
77
201
108
64
39
107
209
137
50
67
147
243
68
12
125
19
145
85
93
255
201
52
9
34
36
29
250
165
31
26
144
47
165
31
149
93
243
1
133
214
23
41
240
191
235
230
53
140
141
217
248
6
62
220
110
101
245
72
192
69
199
144
69
33
64
190
150
7
198
175
134
117
208
197
160
162
112
30
64
107
188
66
192
160
35
143
58
78
65
115
40
86
134
40
181
204
79
83
135
160
132
59
196
69
150
133
192
254
35
85
106
171
156
44
46
78
55
230
95
95
10
197
7
94
205
254
64
154
1
131
238
31
16
147
75
89
109
78
79
8
74
70
20
58
124
143
126
98
21
7
113
151
75
129
97
35
143
112
132
27
206
189
127
226
144
119
228
107
208
219
241
243
206
183
243
119
166
70
80
166
250
24
157
1
20
125
167
4
166
137
129
72
15
152
117
57
149
21
43
21
79
70
42
60
222
252
137
225
82
177
254
255
77
55
172
22
195
175
192
94
140
120
94
103
176
233
201
201
220
170
244
137
174
216
46
191
72
255
150
191
146
19
152
161
32
62
89
220
79
142
225
70
139
167
84
126
61
190
8
202
150
219
114
48
108
195
104
5
77
159
129
196
68
35
211
29
74
53
233
26
193
108
45
80
191
107
121
66
77
23
162
171
205
134
159
62
96
17
197
220
31
72
103
213
88
185
247
97
67
228
140
109
199
68
236
62
184
48
72
237
74
77
87
240
83
80
116
212
202
134
64
150
213
90
17
20
232
31
250
21
42
223
22
156
128
110
249
223
151
216
202
80
58
87
161
221
38
63
161
232
217
58
109
24
162
209
126
141
88
174
8
145
52
127
48
59
192
39
177
125
226
157
184
120
2
146
237
180
214
80
145
34
198
96
164
146
242
9
75
178
44
83
216
114
154
64
77
220
190
237
20
21
187
48
181
238
41
73
113
80
146
70
115
183
254
97
32
191
168
162
120
121
29
170
181
197
244
70
41
93
113
183
53
106
45
74
12
67
137
177
46
21
108
142
23
106
182
52
251
237
10
29
68
193
142
71
197
61
24
89
75
178
72
39
244
129
215
215
227
53
211
244
245
217
124
254
66
61
204
117
181
217
115
192
144
177
137
180
53
8
208
204
85
202
136
161
161
25
69
12
113
59
23
104
85
254
67
242
202
29
182
82
88
76
159
87
46
191
49
213
184
6
62
212
157
165
34
106
93
8
114
43
48
242
159
190
13
235
44
91
172
124
131
125
14
235
98
31
45
111
4
203
212
197
37
192
105
184
253
147
129
7
176
121
56
205
198
144
31
191
243
128
225
194
130
53
63
24
54
136
154
130
18
96
90
13
125
156
70
142
209
67
166
47
119
174
114
44
89
198
239
166
195
105
254
143
203
104
154
63
42
197
211
140
94
214
182
31
211
12
190
174
91
252
56
175
100
158
246
194
128
121
235
237
240
186
193
46
151
108
39
151
128
28
120
76
255
39
13
5
242
29
223
218
172
223
225
52
134
150
25
43
134
28
10
220
124
122
120
221
56
110
243
91
155
252
89
72
67
23
182
106
37
57
251
196
208
220
99
152
103
21
18
83
105
132
232
203
29
209
180
48
253
153
174
115
235
254
35
92
28
240
186
13
251
133
101
76
223
46
167
5
89
228
255
171
202
142
71
227
20
13
30
10
221
158
93
75
109
0
140
70
184
243
66
186
1
128
234
177
51
190
226
126
55
117
248
82
105
1
228
62
15
40
66
29
107
66
64
230
69
95
122
121
183
79
243
83
209
120
82
24
152
34
216
214
61
146
17
118
104
5
81
30
126
252
183
121
189
38
70
219
75
120
186
29
113
233
79
238
240
11
3
161
186
156
22
23
10
147
123
165
207
253
67
31
80
209
198
45
170
148
8
137
72
17
52
197
248
194
72
49
134
20
80
21
222
101
222
182
1
20
217
198
247
14
182
127
126
207
183
243
214
145
23
134
119
46
74
78
14
33
59
29
153
131
109
177
190
137
173
34
129
78
222
235
209
234
9
39
198
45
240
141
32
205
236
12
168
191
142
143
13
240
64
187
222
7
90
158
244
37
166
26
9
55
253
130
202
178
125
252
115
146
74
180
119
197
2
142
153
129
234
161
183
10
30
207
242
85
38
27
88
69
197
202
28
151
109
206
119
19
158
175
159
164
133
245
196
149
228
173
210
100
86
128
140
82
178
114
235
134
66
116
60
203
30
138
79
29
132
113
99
62
71
64
156
46
157
236
115
77
163
189
42
121
135
147
248
110
173
192
76
99
130
40
231
128
167
141
26
253
130
23
44
199
142
73
16
23
2
49
248
156
79
169
247
203
47
32
41
107
107
134
112
106
217
169
214
78
186
112
32
82
41
129
47
179
41
155
217
233
27
109
138
40
149
15
232
49
128
136
39
145
113
79
140
193
146
62
156
129
99
92
162
229
182
159
172
27
131
76
248
126
4
213
98
208
117
181
72
61
116
44
86
42
76
65
178
194
107
15
41
89
125
176
208
40
31
156
120
161
102
99
209
173
33
65
213
9
64
147
191
39
220
151
2
3
230
243
194
58
7
137
209
13
44
239
67
49
177
111
54
29
1
232
35
72
94
38
156
201
231
64
2
20
155
252
63
1
13
68
147
240
27
194
25
143
108
254
211
97
191
160
199
109
56
178
12
194
112
198
193
13
19
190
149
215
185
82
151
148
44
149
57
216
33
212
238
159
136
187
174
85
129
21
27
38
113
28
33
54
94
41
185
146
83
44
83
245
235
234
56
26
116
209
207
66
196
97
120
167
37
243
69
111
211
180
92
136
137
224
179
233
218
217
193
20
22
5
216
237
186
110
182
95
216
38
65
250
176
35
54
196
5
116
137
103
240
249
223
114
190
27
12
250
201
83
74
81
234
70
117
50
128
64
193
116
190
194
10
128
92
2
9
62
204
114
125
132
119
63
142
107
219
214
173
122
147
183
50
123
224
20
81
55
162
110
28
68
28
99
167
60
114
173
209
111
38
146
115
103
77
137
245
47
68
109
125
21
150
138
132
12
114
216
29
250
204
85
249
231
101
162
252
188
191
114
226
29
201
225
167
22
96
51
223
250
171
225
34
173
120
131
194
11
135
62
179
227
93
134
107
135
250
255
88
53
158
141
8
97
49
153
188
102
123
112
38
248
67
162
168
94
91
140
211
36
80
54
189
174
162
210
13
109
248
51
248
9
139
181
212
93
174
24
89
29
177
145
69
111
199
247
96
14
44
139
77
81
55
238
17
52
158
217
69
97
150
96
213
159
185
168
110
7
59
226
201
89
136
52
19
165
121
150
135
47
129
2
200
41
145
205
108
231
66
222
27
176
215
240
201
188
61
78
46
130
130
85
169
165
40
48
34
96
219
93
107
107
55
182
34
154
248
17
252
252
182
172
235
24
244
128
78
95
187
140
108
148
44
165
65
201
1
155
153
213
99
209
234
77
134
196
249
254
160
90
131
195
128
162
62
117
168
228
122
229
151
228
107
169
240
189
87
46
139
161
130
229
52
208
179
50
1
142
162
189
69
57
57
40
139
218
122
241
254
253
92
219
144
43
230
126
188
63
163
181
48
235
198
232
194
131
255
146
217
198
67
242
44
237
208
129
64
81
43
18
70
234
74
179
236
20
203
254
212
19
111
78
159
186
227
24
133
227
45
111
213
48
161
184
116
215
3
71
227
2
28
14
41
215
203
235
26
178
197
196
175
41
55
20
12
45
230
101
147
186
13
248
203
211
196
78
221
181
169
238
94
57
92
199
166
103
7
62
18
112
125
131
124
123
176
156
84
164
31
136
182
118
54
103
237
41
138
61
65
192
191
36
114
132
199
252
172
21
167
129
141
0
63
222
100
66
105
133
208
149
193
18
98
178
127
80
77
255
255
19
179
181
165
112
164
93
181
7
10
112
253
85
45
94
94
19
154
151
46
189
177
58
182
138
3
146
176
32
185
231
20
67
27
49
250
77
219
37
242
104
205
64
15
132
240
25
244
69
124
29
226
83
154
99
122
189
95
134
157
228
30
86
237
165
84
39
104
219
46
144
208
52
187
91
27
36
238
253
17
74
165
253
115
242
111
215
174
183
22
204
217
245
73
90
121
104
242
160
54
154
77
10
203
210
195
251
221
114
3
49
186
221
38
225
95
19
67
33
124
87
104
98
7
154
17
144
231
57
178
244
214
160
148
19
82
30
129
146
133
106
70
120
78
180
34
186
157
234
252
127
123
113
230
118
252
126
136
232
230
183
32
148
144
234
142
206
231
101
154
24
156
198
154
65
105
37
231
206
88
69
180
88
127
167
65
251
128
197
43
95
130
235
135
92
126
79
10
153
160
91
50
42
242
174
229
31
88
185
47
14
131
166
172
193
233
222
54
2
93
11
194
95
0
219
234
97
157
253
53
133
148
76
56
206
4
32
222
230
120
233
213
208
32
163
248
212
69
0
7
148
104
142
86
221
220
201
75
88
51
58
107
90
25
25
188
38
122
67
188
188
194
7
60
74
56
71
186
137
77
130
20
34
178
82
172
62
168
135
131
212
62
202
36
146
92
254
201
47
52
254
42
151
122
47
88
108
18
125
202
0
66
200
120
77
109
18
249
7
13
18
30
220
230
255
138
55
229
227
186
152
232
52
3
61
13
140
191
40
247
88
230
155
189
239
211
184
6
225
30
13
248
98
138
67
105
147
97
141
133
19
155
198
255
165
151
84
212
130
80
154
152
222
85
75
130
140
67
24
143
21
233
89
153
142
191
169
54
130
61
149
199
155
31
118
173
192
161
105
242
97
154
20
124
250
119
250
29
42
164
229
248
116
115
229
86
12
70
191
125
224
229
214
28
198
162
18
185
119
234
197
30
96
92
252
98
62
33
229
171
147
93
228
135
98
28
97
201
255
13
92
80
6
12
217
83
156
94
108
241
38
181
98
68
7
63
219
163
143
82
145
178
175
208
166
49
203
254
65
240
207
69
170
40
184
60
32
105
109
82
52
127
8
150
171
176
48
158
251
13
166
114
109
151
159
70
114
90
19
41
140
116
109
17
81
133
100
225
163
209
197
137
99
53
41
97
6
48
253
70
44
199
158
234
35
94
56
70
50
245
250
9
168
3
47
197
118
29
98
130
53
195
169
81
66
200
252
147
75
252
221
179
126
121
53
150
40
129
64
142
187
64
5
126
97
180
147
214
28
151
208
236
170
3
17
165
200
105
113
10
118
162
246
13
189
170
29
73
27
155
131
61
228
199
26
192
97
245
125
134
49
244
116
230
228
176
163
99
44
223
153
119
235
29
132
80
101
25
129
72
236
10
11
89
22
226
61
43
19
238
155
156
208
74
33
92
52
121
173
164
41
137
241
102
7
130
165
252
252
56
152
32
240
177
132
29
149
97
150
150
195
155
100
201
223
80
129
26
142
56
72
184
125
99
98
252
113
223
138
53
182
129
33
102
214
7
5
138
100
22
75
74
168
219
208
159
242
232
186
10
123
44
199
80
210
245
101
121
253
222
236
177
69
1
242
81
1
92
159
179
108
201
179
213
118
254
33
245
33
50
55
62
198
71
75
238
71
92
6
111
197
196
39
219
137
93
51
135
50
217
9
21
69
238
163
209
150
122
82
213
123
12
193
108
17
8
190
21
239
237
169
36
197
227
185
160
219
252
249
76
126
214
126
192
250
16
65
171
251
86
12
109
121
216
79
132
108
202
160
12
165
162
132
229
156
166
30
217
207
216
248
242
47
84
208
165
159
212
129
59
124
153
14
15
242
138
74
165
113
166
41
195
211
217
84
18
4
39
77
204
137
94
231
251
182
42
141
106
248
124
106
163
42
194
146
0
107
94
229
47
82
130
239
84
179
233
235
27
107
89
149
89
155
163
236
108
143
88
216
199
245
13
63
171
156
171
4
105
177
72
132
138
53
50
100
31
219
140
200
14
213
145
244
17
25
212
106
227
84
179
152
2
2
17
78
24
212
118
2
7
11
158
64
138
167
206
163
223
171
219
242
63
16
124
128
182
41
233
159
54
223
118
124
62
134
69
179
85
172
197
252
230
232
241
42
232
164
109
213
40
155
144
140
116
219
64
165
171
142
16
173
138
163
48
33
54
216
151
185
249
156
9
207
229
35
16
35
92
9
221
138
136
250
102
156
42
134
171
102
182
40
77
42
200
93
156
243
2
240
6
88
211
223
54
221
180
174
112
132
77
196
78
0
51
40
32
94
239
218
32
125
1
53
9
144
29
245
146
135
226
129
68
82
75
148
101
103
112
130
83
247
66
222
89
121
126
155
206
171
167
52
132
33
183
88
94
252
151
32
62
101
223
94
205
198
171
204
140
183
164
2
119
155
188
26
51
108
134
74
42
64
243
38
57
107
139
13
28
61
107
223
186
61
165
87
160
245
88
69
244
44
226
131
125
7
165
246
154
216
155
185
242
169
8
59
27
243
152
64
30
227
46
191
203
9
21
28
202
239
159
107
146
254
142
57
35
78
246
148
75
108
149
168
112
55
224
23
90
41
202
66
159
198
207
142
144
171
123
180
204
77
9
252
31
82
39
99
110
186
74
206
150
118
42
32
56
24
111
33
242
94
254
93
204
178
182
170
12
22
189
194
167
251
175
158
45
5
58
151
118
158
81
0
226
242
148
104
206
168
121
32
26
208
233
24
249
82
173
179
230
245
62
167
84
173
47
143
255
53
5
234
120
26
246
76
255
115
179
136
88
228
6
199
65
43
199
53
3
60
122
182
180
62
99
191
41
102
111
230
117
17
6
22
216
20
102
226
224
131
57
76
214
164
129
130
156
31
161
48
142
74
126
237
111
182
175
18
151
241
141
12
247
231
98
211
169
168
194
178
16
133
89
168
89
101
183
100
100
14
148
181
24
88
16
14
144
131
28
225
40
133
90
13
198
53
183
139
200
30
249
151
243
114
99
140
8
239
199
217
144
216
121
40
254
242
218
239
2
68
20
159
233
236
109
140
66
99
8
93
179
47
159
84
74
201
237
254
229
117
2
34
19
47
241
254
19
117
100
244
24
207
92
247
2
226
17
160
185
205
221
219
253
255
77
153
240
4
209
170
242
153
28
207
166
254
61
44
145
255
112
97
193
140
232
78
129
48
15
40
213
166
27
74
42
243
235
51
45
122
97
103
140
176
254
75
122
216
47
180
128
248
179
130
210
31
51
234
164
52
230
162
89
208
24
26
174
207
90
163
171
170
151
66
32
89
218
114
242
81
93
245
83
209
165
116
157
155
141
96
139
80
167
47
12
43
22
132
220
118
73
98
120
195
217
225
231
52
225
206
122
253
132
170
53
223
143
20
232
154
96
150
72
89
61
226
33
249
254
111
49
96
84
17
2
192
43
202
132
135
195
200
103
173
186
94
236
48
74
228
193
31
130
220
66
28
193
51
59
19
247
217
2
135
128
61
65
142
34
63
86
164
204
176
61
63
1
149
39
231
152
127
174
231
237
168
18
109
141
190
62
30
83
225
0
253
115
219
135
167
144
230
54
184
222
86
93
181
210
81
139
229
212
15
164
227
41
248
32
118
232
10
133
68
121
7
204
16
183
167
240
84
233
111
82
63
244
220
153
58
178
186
209
117
3
159
76
188
135
114
100
27
232
97
43
18
109
33
57
207
157
97
18
222
241
26
112
167
236
227
0
106
224
124
55
205
73
198
217
196
138
194
129
105
130
67
165
108
144
106
146
40
6
66
32
5
251
252
207
85
219
156
97
87
202
34
126
143
51
213
17
127
252
21
124
30
210
108
99
6
253
13
218
35
101
237
3
128
46
75
186
62
78
223
174
81
172
115
195
99
145
37
15
251
63
210
100
180
173
183
253
160
38
88
47
186
133
227
78
153
5
13
99
118
119
25
114
114
219
69
166
167
121
237
222
104
35
195
69
251
180
222
167
64
219
141
217
97
15
146
148
238
211
174
221
208
29
116
194
86
66
149
158
206
108
8
173
185
221
104
254
70
151
45
225
232
203
55
89
9
90
189
66
138
65
9
87
8
207
149
110
197
5
250
144
159
225
205
229
38
233
151
2
118
91
28
36
197
244
61
220
223
246
57
242
21
251
147
70
216
94
172
39
201
92
118
137
203
110
158
33
115
42
152
26
222
195
132
195
95
91
123
32
76
187
118
68
75
251
80
159
127
255
157
137
159
25
39
188
194
68
230
44
171
227
21
253
213
194
62
212
225
97
35
7
44
181
113
216
194
236
73
12
239
237
141
61
87
98
76
48
229
90
108
201
52
214
137
189
221
1
235
35
75
42
159
252
242
129
9
48
252
150
202
255
134
192
35
213
156
127
48
203
222
169
37
185
110
167
108
71
85
119
153
33
104
4
230
164
85
212
115
226
222
50
147
187
129
92
113
69
230
30
149
233
218
225
83
125
169
84
138
103
17
234
186
24
61
48
74
178
85
230
11
198
222
182
223
129
206
122
185
224
105
67
26
186
152
214
56
105
36
119
203
194
254
12
255
107
90
138
239
79
47
199
30
212
239
173
17
29
161
105
73
101
138
94
129
203
220
45
194
228
177
245
51
129
202
174
246
142
129
19
71
23
36
192
221
13
58
227
182
48
135
187
128
145
14
238
148
0
38
231
3
19
122
198
74
187
217
114
198
148
78
134
75
137
78
56
114
11
227
136
103
155
43
37
186
68
54
203
248
67
133
132
89
246
117
207
173
54
222
6
116
176
104
7
152
248
69
0
97
37
27
112
155
239
144
11
5
200
207
17
227
9
130
175
156
25
46
40
86
41
5
124
136
113
236
208
80
107
247
235
242
54
247
106
37
152
246
21
243
48
252
157
76
251
210
97
6
208
223
149
213
80
37
217
133
127
13
46
126
223
194
241
200
98
49
111
243
122
218
192
130
217
176
37
213
156
55
225
184
168
165
46
242
208
107
193
250
30
245
151
22
177
196
32
101
214
105
189
83
204
237
62
126
117
37
186
59
5
109
100
206
21
202
183
95
61
220
234
168
5
118
216
200
249
204
81
12
191
252
106
109
69
206
200
22
225
55
103
194
124
126
161
199
90
255
151
58
238
21
197
66
25
243
139
189
254
29
243
212
64
22
223
103
207
65
140
118
169
107
22
229
115
151
218
17
198
200
204
242
131
8
110
180
28
155
223
36
135
140
59
21
129
195
230
134
4
159
48
207
57
236
168
173
191
151
2
206
72
5
41
186
134
118
251
169
64
109
200
10
183
90
152
219
142
49
92
86
235
170
210
68
75
56
40
23
26
219
40
252
181
2
94
196
42
180
53
188
79
77
157
127
140
51
171
96
113
53
115
195
49
34
207
229
206
211
99
100
195
127
229
80
118
160
18
7
169
189
101
57
218
126
121
46
213
22
250
245
62
53
73
157
5
53
165
149
158
193
73
222
214
6
63
242
100
1
124
244
83
218
80
24
143
169
174
26
153
25
124
94
165
154
249
158
64
224
11
154
180
93
154
52
128
179
187
128
4
30
13
234
122
19
46
239
238
253
182
100
80
128
82
105
112
71
58
175
110
41
95
44
133
138
20
140
144
177
208
140
24
239
215
73
130
200
205
255
106
198
11
243
125
96
113
193
162
40
196
79
164
215
213
107
27
238
125
130
154
75
168
33
18
80
131
27
192
50
4
123
177
33
197
144
28
211
38
25
211
36
42
147
174
80
117
22
213
27
82
21
127
59
22
169
48
21
3
124
12
151
252
158
107
54
87
36
28
215
61
43
67
234
183
27
150
158
123
72
201
162
215
83
16
187
16
16
93
3
221
216
19
100
252
27
90
171
101
38
64
141
14
157
133
228
159
132
129
62
165
119
188
134
237
74
209
240
218
169
10
55
130
144
31
5
46
106
173
57
250
163
217
168
118
252
175
106
94
82
8
53
78
15
252
69
132
82
71
210
179
174
2
216
164
43
191
171
107
234
205
99
4
99
72
195
38
199
25
79
104
253
151
56
205
60
53
109
252
36
151
88
45
66
188
44
173
42
230
72
239
235
248
247
253
232
198
65
102
11
179
92
134
192
53
65
193
199
18
186
46
249
228
183
92
120
145
223
231
127
102
91
45
42
0
127
44
193
205
92
178
190
232
78
108
30
209
152
223
48
246
154
221
26
198
149
74
11
185
107
76
47
239
6
107
243
240
186
181
201
158
61
103
176
164
158
59
166
65
44
209
182
65
39
111
190
36
93
62
133
196
30
134
122
147
118
173
227
143
247
136
76
253
100
245
191
128
162
116
38
236
197
119
112
164
21
131
31
140
39
187
170
194
187
111
224
92
193
237
145
53
203
131
148
69
55
48
217
15
3
241
228
219
142
255
254
22
51
11
2
198
116
232
32
201
24
131
38
153
148
126
197
242
232
222
27
57
79
55
246
80
209
149
69
4
240
175
37
50
124
254
10
236
83
47
160
67
117
244
221
80
89
176
118
122
187
231
146
153
97
111
201
32
250
95
52
158
100
233
5
59
215
230
185
103
195
122
65
90
249
39
100
111
55
142
197
163
60
175
202
76
8
91
25
52
212
244
40
199
69
177
172
126
63
57
59
178
117
32
11100000
