60
42
128
23
30
66
199
189
210
159
231
173
194
184
232
152
139
132
216
73
79
150
179
251
80
105
238
9
168
167
56
150
58
125
125
104
82
210
252
217
143
228
184
125
183
93
216
84
172
221
239
12
20
228
117
180
196
3
90
210
36
73
93
36
34
41
250
98
212
77
176
226
67
230
115
193
161
108
166
48
38
173
161
56
168
152
249
220
73
152
199
105
149
196
120
151
173
57
111
11
213
129
59
149
177
218
81
158
102
200
44
170
9
173
17
215
96
142
211
54
208
176
177
216
250
152
165
151
102
72
146
192
172
13
56
99
186
201
147
188
91
153
157
114
201
121
202
87
191
136
97
115
204
171
102
156
101
242
168
36
131
107
142
95
43
159
174
247
208
47
208
24
42
32
174
206
234
143
67
169
210
164
141
95
99
51
116
184
154
222
82
146
203
209
180
32
128
255
181
137
5
4
144
147
237
231
211
136
77
143
94
30
28
176
148
154
133
120
57
156
60
231
9
63
73
127
215
203
76
231
100
211
121
56
69
235
28
16
232
240
254
163
112
68
41
118
159
217
0
169
193
171
163
31
164
41
224
189
25
158
134
234
94
99
234
57
232
67
173
123
115
252
83
47
240
145
61
199
220
78
15
229
92
188
14
42
214
173
13
163
93
168
125
227
129
167
215
124
142
195
68
207
149
56
168
214
36
76
96
91
146
132
126
159
79
31
162
98
16
197
4
184
186
244
254
244
16
53
170
14
131
93
52
32
59
225
182
243
30
78
233
171
193
13
18
39
80
32
74
170
22
189
161
209
112
211
166
152
216
186
89
240
207
177
102
180
153
236
106
222
232
169
167
255
153
177
187
54
26
230
99
75
197
210
223
208
232
152
14
202
112
249
251
225
151
6
210
130
48
240
122
229
201
174
5
39
49
126
35
67
84
220
197
98
103
157
40
63
106
211
136
203
171
127
51
223
168
46
203
142
121
180
52
139
153
5
149
93
17
102
145
142
73
40
195
135
141
14
116
129
232
237
33
99
13
87
157
123
48
226
138
138
18
133
140
126
87
68
244
216
72
43
93
66
211
245
103
23
47
41
168
19
103
60
5
39
15
58
160
221
5
102
196
240
130
96
126
94
231
245
165
61
216
104
173
146
136
147
15
192
143
33
36
216
72
112
236
64
197
144
141
19
26
30
227
222
84
205
53
6
170
42
210
108
11
64
147
140
94
186
41
219
195
118
164
11
177
126
45
179
113
197
255
234
138
217
16
99
32
247
104
40
143
1
246
254
241
123
136
37
196
234
203
52
200
163
90
176
196
174
210
207
229
249
105
222
191
88
238
42
168
29
36
17
55
103
231
28
251
193
237
58
26
10
189
150
215
172
82
184
236
80
89
63
197
145
92
103
107
8
220
202
225
180
27
250
144
153
120
23
205
185
188
217
47
128
101
1
41
193
56
220
149
57
108
27
229
234
15
187
52
14
65
235
232
204
77
219
225
61
168
141
204
213
94
186
84
132
58
189
247
113
193
230
119
176
211
233
7
105
30
87
226
96
182
251
186
185
37
170
2
173
123
5
164
188
26
225
166
33
118
112
183
27
82
96
53
79
104
200
13
29
255
46
65
158
123
63
160
192
153
214
225
211
112
86
200
127
72
159
51
174
91
151
33
133
174
220
92
65
139
196
86
43
39
251
170
132
74
35
255
200
200
14
158
190
199
5
73
85
143
166
234
165
191
212
103
242
190
230
146
82
0
202
98
79
37
240
177
168
202
216
48
224
112
110
46
242
59
5
135
187
40
250
236
21
60
218
25
83
48
242
116
172
108
30
178
253
140
59
172
136
86
65
166
28
10
242
219
169
181
237
4
53
30
198
152
35
114
13
220
152
0
36
95
204
3
19
207
66
53
163
151
44
112
137
12
133
6
236
52
103
59
249
137
28
172
204
35
252
158
179
10
109
120
24
91
131
222
80
161
136
59
189
67
8
187
172
187
81
210
189
94
79
246
161
82
229
17
216
102
141
133
145
136
52
217
28
67
82
189
113
129
134
116
108
33
125
60
69
207
236
217
42
171
194
26
67
125
56
209
59
241
166
145
53
44
56
230
234
60
108
6
131
215
10
191
125
203
17
67
23
207
49
37
211
152
114
73
102
29
58
63
40
19
54
161
245
66
68
233
9
202
121
75
141
18
246
17
169
64
156
39
208
251
87
177
173
226
135
73
158
44
230
174
11
183
75
24
113
140
175
177
38
69
121
37
87
112
82
224
76
109
80
118
139
84
220
76
76
141
232
79
107
231
218
48
144
14
36
185
177
142
64
144
83
211
147
108
158
41
182
175
73
130
211
228
187
204
98
3
220
70
212
96
247
23
69
36
177
79
169
36
31
194
241
69
162
78
113
221
158
124
65
61
106
54
190
138
16
116
224
31
220
224
65
227
193
110
237
104
127
46
47
234
240
60
134
188
38
198
249
171
87
122
98
225
212
113
241
24
224
144
72
0
66
205
62
216
89
238
171
245
49
227
223
36
8
252
131
131
12
224
46
229
112
87
232
169
27
227
55
82
147
137
67
122
252
169
1
78
219
180
88
73
62
119
72
150
223
226
209
199
167
31
194
60
240
20
3
237
173
67
154
181
247
190
20
137
22
119
145
237
223
123
4
179
246
198
43
117
146
127
106
3
100
162
195
173
125
185
70
173
241
108
247
17
135
224
210
51
44
34
146
27
7
26
60
47
151
155
168
128
78
12
33
196
166
246
132
222
161
175
95
113
232
39
153
151
249
138
56
126
125
224
97
200
251
116
111
139
83
216
230
4
243
227
138
45
231
37
40
215
92
251
217
209
163
241
188
60
198
49
40
94
245
254
111
45
175
41
225
182
195
56
229
247
216
139
113
227
166
200
57
191
115
67
35
81
79
172
11
102
160
53
33
8
62
64
209
66
80
164
148
173
211
112
29
197
39
131
167
157
194
234
175
78
221
124
31
121
176
168
44
38
92
12
220
3
6
68
216
179
207
136
24
75
209
53
208
240
179
211
206
137
158
214
226
235
251
196
226
217
120
55
134
228
252
122
165
139
176
70
2
121
162
32
238
170
30
246
148
229
228
18
132
62
104
240
105
91
97
165
235
215
53
52
92
152
132
124
17
108
43
69
98
16
29
251
56
53
58
64
37
63
106
191
45
3
136
163
132
115
35
240
208
110
127
93
182
42
184
26
66
164
33
141
248
221
200
47
224
118
135
131
119
234
52
64
204
136
204
6
77
63
206
104
215
136
86
185
10
117
193
162
237
94
224
34
93
61
177
206
202
142
32
228
67
97
27
237
7
65
75
229
238
9
245
107
150
160
16
151
242
87
73
252
144
213
52
169
29
177
174
82
58
200
69
197
132
97
245
74
203
32
131
102
107
87
240
123
45
5
222
1
97
250
75
116
64
6
133
25
97
229
82
110
247
134
125
186
8
17
95
166
36
180
227
79
233
241
163
55
30
145
129
99
184
240
119
152
233
111
104
170
68
142
243
92
223
251
12
92
47
61
208
223
175
187
143
204
40
142
32
235
213
214
13
90
139
97
225
176
52
249
71
10
4
217
252
24
70
5
46
229
16
185
9
104
137
90
62
121
205
128
2
144
64
135
248
254
138
191
197
122
45
232
208
71
140
74
112
25
151
93
233
148
101
183
44
84
48
114
101
44
85
112
83
35
75
209
138
249
37
154
20
244
222
94
68
232
198
96
156
77
117
195
17
238
245
38
121
227
79
44
234
193
94
202
237
80
147
236
103
235
146
244
190
70
199
147
242
50
194
192
169
101
117
29
222
96
166
93
64
68
81
37
207
187
95
87
66
44
70
208
116
1
225
66
233
122
185
152
168
12
254
221
149
70
78
205
77
236
47
201
100
163
201
140
43
220
94
109
127
192
228
74
127
69
100
116
193
198
200
181
148
23
171
200
202
89
72
130
32
216
192
116
255
13
147
185
110
2
57
248
61
146
102
159
245
83
17
196
166
175
211
141
188
170
150
111
163
155
81
96
175
90
224
228
234
78
247
133
23
48
200
26
176
129
50
206
215
114
203
106
131
165
69
58
179
123
209
53
97
86
37
7
255
90
118
85
189
195
128
249
120
224
91
211
194
127
95
211
176
124
187
93
189
68
57
173
120
155
179
230
219
151
46
177
134
219
246
201
173
78
163
168
207
253
66
184
233
225
67
92
224
3
222
195
56
98
24
40
179
174
8
249
229
181
223
16
149
8
82
129
162
191
68
200
67
33
156
129
93
0
173
249
182
253
241
73
78
180
32
64
60
70
186
68
137
22
188
22
132
157
137
174
109
13
198
118
214
121
78
143
127
101
28
134
166
94
243
245
63
213
133
80
24
157
200
180
219
8
202
149
124
212
125
128
15
38
7
190
25
22
175
0
112
201
58
172
30
174
174
166
109
253
245
144
226
220
218
184
93
253
191
209
250
13
37
242
231
121
81
160
107
212
188
103
179
194
3
56
101
250
173
56
6
147
124
233
253
81
222
25
179
61
245
134
189
163
123
207
0
79
86
34
233
208
176
108
198
15
0
86
24
252
119
40
46
2
183
190
244
1
173
136
66
211
146
211
233
109
117
58
160
119
143
87
133
212
192
151
160
242
200
248
60
225
184
136
253
98
91
112
161
255
115
119
32
98
117
183
251
69
232
212
194
78
228
176
137
119
152
217
93
111
33
127
203
181
85
138
221
219
198
194
63
195
90
68
57
243
213
49
182
229
189
66
228
120
218
253
101
220
247
84
252
0
99
220
251
82
45
102
179
155
100
104
245
199
179
19
221
223
206
6
109
125
191
46
140
104
152
149
13
16
91
155
83
183
38
152
111
159
132
152
153
192
43
95
173
162
153
17
126
25
12
121
104
110
147
223
253
241
76
117
39
239
194
186
172
58
163
193
204
74
212
164
195
225
52
105
19
49
213
217
223
193
182
235
34
17
24
254
223
86
233
164
242
101
172
115
203
166
226
240
249
43
39
243
113
179
228
174
150
1
189
154
246
148
146
120
71
32
197
147
136
67
81
167
134
136
209
175
48
60
233
222
253
27
187
60
180
119
245
222
44
52
185
59
24
78
229
223
23
103
150
4
33
83
93
228
222
63
98
14
22
117
49
149
22
188
242
183
207
95
243
228
9
186
128
253
75
205
208
155
247
236
31
129
218
80
55
116
138
104
83
76
55
18
231
204
85
165
144
135
19
120
233
204
45
13
180
17
28
230
198
196
221
150
35
10
19
201
9
179
55
187
30
49
121
220
25
186
109
55
171
222
78
190
121
4
83
250
16
45
199
250
11
75
28
58
202
67
21
45
128
36
92
172
53
132
44
246
237
199
126
215
201
80
6
224
173
82
3
86
249
91
90
139
43
45
240
63
127
119
226
111
214
164
74
13
182
63
72
1
155
201
236
251
218
40
214
202
119
110
223
40
45
226
84
199
249
207
114
181
39
233
28
122
195
18
206
100
63
107
234
216
82
195
187
142
118
123
96
121
196
133
115
111
177
96
248
253
161
220
183
190
69
118
24
113
243
82
247
101
133
31
208
74
51
19
240
45
62
232
229
63
145
5
21
41
2
170
160
255
220
245
37
32
229
33
222
98
84
8
50
49
234
107
217
198
194
5
198
127
38
190
63
124
30
146
108
105
108
190
103
103
143
248
103
125
206
118
177
125
248
29
136
74
236
116
35
78
156
95
92
204
16
125
30
200
151
243
1
79
146
99
226
233
166
46
136
174
0
199
129
18
235
244
3
0
159
124
60
65
140
23
238
2
34
195
159
233
238
8
9
217
255
210
182
233
49
201
205
146
123
67
111
92
181
6
5
236
249
133
65
164
13
126
163
43
189
105
147
106
48
122
88
213
231
191
150
103
88
78
5
62
121
181
175
88
53
33
1
69
224
100
110
244
230
94
185
55
97
169
219
3
117
108
40
183
10
221
8
43
91
111
57
148
141
225
208
180
117
206
9
110
220
172
156
136
196
254
67
130
170
91
101
29
136
115
3
77
186
230
197
1
209
137
224
155
243
243
22
167
121
220
231
130
183
72
242
47
91
65
207
217
132
29
179
39
208
31
120
47
164
22
243
47
188
79
43
130
175
187
49
70
83
67
236
206
221
103
173
158
105
155
211
239
166
225
51
175
157
118
234
54
87
66
94
190
233
199
150
222
218
191
152
196
49
105
79
111
115
41
213
234
106
215
104
99
82
102
106
31
202
157
35
29
233
39
202
165
18
85
208
53
181
200
214
231
37
206
249
50
117
161
196
123
239
50
50
254
179
253
196
82
52
156
20
42
178
46
217
251
215
249
17
87
229
55
144
178
207
37
71
79
41
125
157
251
123
151
82
237
206
160
210
171
224
91
235
10
102
223
10
70
13
8
131
148
188
174
215
25
1
255
177
99
13
97
210
241
107
162
146
143
70
183
55
150
141
6
138
213
34
154
189
225
37
29
31
3
113
173
198
221
165
32
130
191
65
134
210
84
185
164
154
138
5
111
82
59
128
211
17
189
181
79
92
24
137
188
46
37
143
32
168
201
175
0
77
140
182
48
54
72
40
151
89
87
91
74
65
239
188
216
12
198
248
233
37
88
18
49
174
114
63
164
236
109
198
150
41
239
166
131
108
46
143
71
40
174
165
61
113
158
82
244
101
53
105
230
31
172
227
62
19
214
196
91
180
142
150
31
176
61
133
231
113
77
52
227
101
132
68
244
91
28
28
73
53
165
39
200
38
4
254
224
220
150
54
15
17
196
188
75
233
108
87
163
216
80
113
100
35
167
43
109
69
208
90
110
187
145
232
3
155
124
239
54
131
138
102
180
55
170
197
244
137
241
56
129
98
254
108
152
144
172
21
30
55
172
127
174
200
52
203
155
240
62
122
53
236
75
168
41
176
171
106
115
87
105
177
196
44
91
46
215
201
159
167
195
155
121
226
0
169
64
127
59
114
25
232
33
180
38
136
96
236
131
125
175
17
206
62
97
161
217
226
44
68
234
144
159
74
249
131
13
147
45
56
50
120
144
147
30
62
41
106
135
59
27
8
149
10
255
52
213
232
152
155
92
150
239
193
39
79
2
12
198
203
68
216
56
130
114
83
110
254
213
112
217
66
131
112
250
86
123
36
231
167
98
1
223
124
132
206
229
130
20
95
59
12
78
125
202
45
41
105
91
179
12
162
86
244
180
207
218
48
220
96
141
181
234
251
136
69
248
195
118
212
216
157
32
138
207
47
145
129
234
83
223
103
35
19
182
84
79
110
81
251
117
78
219
232
64
247
95
50
160
222
153
127
109
160
165
225
135
33
65
56
237
237
230
69
161
25
253
222
193
70
194
177
14
68
152
231
46
50
72
242
85
155
166
26
187
26
72
16
106
151
77
23
212
51
129
146
141
21
213
253
220
33
146
121
39
40
249
3
97
0
49
20
192
105
53
190
88
14
61
199
88
153
139
168
92
28
140
122
212
24
225
123
210
176
112
70
226
223
98
228
139
24
159
4
118
70
97
245
50
195
39
72
168
228
45
150
74
229
146
107
22
98
35
9
202
136
67
242
205
166
87
122
108
19
130
6
110
23
97
112
54
85
195
11
250
202
247
35
160
155
22
230
233
46
215
138
6
139
68
232
94
120
92
253
191
34
10
46
161
50
26
207
104
223
73
48
185
85
177
177
89
169
88
80
214
215
206
40
42
202
132
148
251
30
109
214
202
97
75
23
82
81
63
136
155
16
90
128
144
225
60
182
229
167
160
132
244
204
73
236
134
5
232
80
161
95
244
143
225
22
70
217
64
47
167
215
119
16
252
120
147
84
149
38
251
27
127
59
15
191
113
81
188
26
0
89
61
182
179
186
17
38
100
43
176
128
65
245
8
77
84
22
70
93
174
131
151
232
41
22
114
36
111
205
107
245
44
255
72
76
16
226
76
11
35
126
83
66
227
85
146
245
54
92
167
229
81
34
98
143
40
78
248
232
225
17
175
114
252
13
91
51
156
146
237
118
142
229
172
167
255
135
64
199
80
245
247
83
225
146
248
179
104
225
9
103
60
204
52
196
130
224
173
66
244
104
134
239
73
240
178
252
91
128
175
233
151
88
86
229
160
46
58
104
207
138
197
102
254
254
68
219
25
148
112
211
106
212
13
30
130
253
148
173
74
62
213
54
228
10
245
52
156
185
122
210
118
83
51
163
218
73
176
32
41
93
183
121
220
112
114
38
49
105
8
228
190
253
115
142
144
181
225
143
197
47
194
3
157
4
160
164
33
167
153
16
62
17
221
186
161
24
195
161
128
218
57
234
94
208
136
129
224
72
219
209
31
114
133
7
160
206
117
189
43
18
109
205
145
6
85
26
251
128
95
78
219
101
148
149
222
107
13
222
117
177
69
159
188
87
126
17
133
76
229
113
80
130
153
68
108
128
138
78
158
156
216
193
74
28
123
6
137
168
39
27
223
46
240
170
179
125
144
145
215
130
141
236
1
181
96
88
179
24
194
150
19
223
242
88
224
55
33
39
96
150
211
22
165
40
150
89
47
29
244
123
195
107
119
237
164
164
156
160
162
54
148
69
89
21
216
222
71
29
207
141
221
165
108
85
27
41
193
124
109
154
226
199
127
205
196
119
164
206
252
113
91
149
37
4
57
80
0
204
75
113
245
55
2
101
188
129
213
179
182
80
204
166
221
182
32
220
162
81
19
15
115
185
4
91
49
64
183
240
69
47
73
126
7
162
41
30
21
205
14
112
193
16
151
199
136
84
12
177
242
16
221
111
39
81
229
190
91
125
224
225
41
119
200
20
72
104
53
162
28
47
153
113
16
108
212
154
171
5
167
248
180
48
54
105
233
146
83
147
6
155
155
54
193
163
98
33
43
223
187
48
26
134
66
172
218
90
7
5
112
213
240
158
9
93
244
19
44
205
184
39
221
96
70
237
16
0
108
238
10
125
137
14
5
221
222
52
108
192
106
76
235
4
199
223
102
137
246
218
61
249
150
128
195
59
142
148
245
167
207
142
148
60
2
133
86
30
221
88
137
136
0
39
101
46
108
131
188
107
62
176
104
81
1
83
177
249
80
136
113
173
212
240
135
165
118
127
41
202
185
29
11
231
55
23
75
212
62
47
57
109
56
226
212
152
189
227
47
5
17
189
177
27
247
100
249
152
58
49
124
162
22
114
133
98
228
46
226
114
234
32
56
81
23
216
238
222
13
108
34
36
216
66
114
252
117
189
219
131
133
17
138
7
215
203
28
201
35
235
79
26
245
28
45
235
195
243
45
229
143
100
218
4
166
191
18
82
128
148
133
176
15
55
6
76
232
131
81
3
136
110
142
75
49
98
184
29
204
60
36
60
236
17
137
144
72
132
87
26
40
197
203
163
167
119
178
102
37
82
117
55
40
219
111
175
82
182
91
134
202
78
121
27
186
184
127
63
184
2
23
51
216
120
200
55
244
191
81
181
229
192
201
220
45
146
243
187
251
191
36
213
175
112
175
232
93
120
31
230
149
213
45
138
97
90
11
9
137
115
135
214
52
104
37
102
43
255
172
138
8
13
4
131
115
255
116
100
132
152
11
64
19
181
78
245
37
57
136
35
30
32
253
253
7
207
241
186
166
144
249
107
151
76
47
226
47
240
27
107
87
14
198
25
19
142
235
68
237
142
44
108
147
101
183
61
130
97
165
56
218
203
180
109
91
11
151
121
119
77
10
240
74
249
193
37
31
234
25
33
142
20
162
202
21
149
84
127
62
185
6
150
100
35
43
65
100
224
31
61
149
162
123
164
110
218
76
163
128
230
219
93
37
100
92
30
42
29
99
245
7
42
129
16
22
234
44
80
217
147
174
19
75
62
195
91
203
105
41
58
112
10
65
163
11
86
186
92
114
244
109
47
235
228
161
209
186
116
198
193
240
149
216
22
11
90
42
227
90
171
196
147
244
48
202
26
110
221
8
119
181
60
23
25
125
86
219
230
62
32
118
119
153
83
65
123
54
245
41
60
13
86
195
33
16
98
125
159
202
12
13
196
33
215
230
71
202
27
73
222
34
24
241
204
81
206
223
224
80
131
179
115
32
94
119
99
141
176
240
109
214
57
200
88
249
114
192
96
71
60
97
38
207
205
108
30
217
70
183
237
90
41
49
250
84
102
190
226
197
55
72
51
211
153
140
171
1
126
110
13
3
143
17
198
174
148
66
148
184
223
75
222
132
159
217
132
170
116
47
66
23
130
173
23
56
16
77
227
97
121
188
17
211
255
222
216
150
101
32
236
227
58
115
88
106
249
220
228
197
75
116
248
134
31
61
129
160
105
223
149
138
247
131
70
98
152
224
217
58
34
125
195
0
2
65
34
76
51
251
16
50
14
44
214
142
192
71
64
204
224
39
90
15
63
234
217
131
100
60
13
26
192
139
11
119
254
141
172
167
103
14
236
166
192
7
8
12
239
240
194
136
124
253
170
194
251
9
28
89
110
181
54
55
172
223
37
74
211
33
208
73
201
21
189
122
36
56
38
224
61
77
246
83
237
254
113
128
190
55
57
178
113
31
254
72
72
148
224
213
66
212
11
214
45
177
46
174
49
46
16
41
186
172
177
139
197
99
134
140
84
229
150
120
97
250
128
199
157
106
139
25
34
37
215
248
75
76
97
60
159
254
109
101
63
197
95
132
210
106
243
167
23
23
6
139
31
26
254
44
83
231
76
142
231
187
94
59
47
51
90
47
9
81
143
121
43
152
239
77
29
40
179
228
218
82
178
108
107
138
14
5
66
56
19
43
96
255
160
12
215
237
202
170
224
31
243
33
137
247
250
162
40
212
118
88
219
71
228
158
105
230
14
130
96
4
170
72
156
19
84
130
235
54
251
235
205
97
168
25
101
85
177
204
151
224
100
55
138
126
132
120
229
9
47
146
48
241
224
236
98
97
198
160
186
22
120
122
82
226
184
59
63
7
88
70
232
38
117
16
39
235
6
252
50
84
79
140
47
3
40
242
155
78
51
110
103
19
190
200
54
60
248
28
78
152
3
71
248
6
192
31
114
210
35
79
56
86
48
226
98
204
84
69
235
46
96
216
153
101
182
9
72
82
226
192
187
162
201
184
35
248
68
118
84
21
197
30
82
17
88
39
187
111
87
211
143
45
239
248
214
5
67
205
110
229
187
28
164
75
35
76
12
202
75
211
206
170
45
148
211
141
25
36
15
160
17
136
67
2
21
244
60
157
141
4
79
136
63
212
37
20
142
234
55
233
235
106
5
132
164
242
8
31
120
202
94
29
114
3
7
222
253
91
84
108
169
17
64
250
0
4
51
166
48
125
66
73
217
145
147
154
253
31
254
204
165
117
216
83
155
161
11
15
113
59
84
230
158
69
62
178
146
14
21
45
43
3
242
125
153
189
18
216
53
249
133
142
60
124
34
61
218
219
93
229
185
109
40
252
155
62
9
32
247
14
33
48
35
43
214
113
18
123
0
151
247
203
217
213
193
224
96
74
56
165
176
60
54
202
247
161
213
202
7
203
156
170
139
229
164
87
79
168
4
166
99
70
211
105
124
75
189
98
48
202
252
248
14
55
202
134
83
105
210
67
197
191
149
122
44
37
16
27
132
94
85
135
172
251
84
204
131
211
181
2
90
240
81
3
55
186
118
113
54
68
100
248
24
21
141
144
102
57
193
145
201
121
69
252
89
83
218
183
38
88
122
154
128
180
20
218
46
247
83
136
244
175
74
111
251
124
144
241
197
208
221
161
198
126
164
115
213
238
179
104
26
138
3
54
220
249
69
76
176
108
107
143
59
34
40
96
137
254
76
186
20
59
60
47
211
44
15
198
255
163
185
29
19
36
125
33
27
15
255
104
19
16
157
94
5
175
196
179
82
9
154
105
249
146
96
155
42
233
247
180
201
230
77
124
111
96
58
33
187
249
23
43
247
5
102
19
66
236
205
172
12
11
116
75
121
163
201
159
179
84
72
220
174
251
143
131
29
193
233
194
6
180
196
201
220
179
188
28
194
251
119
163
248
247
242
40
227
151
229
10
173
143
121
203
52
0
142
22
228
20
202
242
151
223
141
213
25
111
58
36
188
98
165
35
12
179
216
255
73
109
149
206
63
245
34
199
91
37
0
200
67
97
125
99
20
211
93
92
50
226
87
239
0
188
155
146
247
178
254
113
137
46
86
7
249
82
53
148
6
128
214
225
224
213
229
50
132
143
145
181
177
86
232
67
186
233
26
149
51
82
172
191
190
2
40
210
252
255
91
107
79
114
132
120
220
9
79
170
71
81
139
13
88
91
105
133
207
189
152
249
115
235
158
173
249
90
244
238
166
39
156
199
187
85
77
150
100
48
174
32
39
223
227
19
49
217
147
124
208
178
187
117
227
175
185
224
160
190
185
178
197
175
103
81
222
217
76
225
65
145
81
24
35
95
37
26
221
29
6
6
189
239
49
242
72
149
109
12
101
131
74
27
68
173
206
222
99
58
250
164
136
157
206
202
64
14
223
8
211
44
112
240
112
244
11
249
36
184
190
99
107
95
0
68
188
218
27
68
224
87
157
138
59
23
5
155
59
85
119
21
250
47
124
16
108
72
216
212
218
95
188
34
112
80
156
73
230
31
12
139
81
63
16
7
6
248
126
165
106
142
113
86
232
233
117
36
132
73
194
110
249
18
236
47
51
248
121
98
43
188
67
212
167
99
73
238
63
44
91
224
54
228
33
80
93
249
103
94
12
158
210
17
149
39
223
117
32
38
67
123
249
136
28
35
75
252
77
104
42
131
202
71
232
13
135
219
95
142
83
89
135
231
6
99
233
28
37
21
85
24
137
158
222
123
212
247
255
60
229
114
119
226
149
147
104
95
201
170
90
58
107
95
236
162
206
108
111
220
178
145
3
110
73
24
62
36
49
231
142
190
188
128
184
217
8
53
162
155
77
25
57
19
168
252
10
233
114
78
113
222
157
59
115
251
121
76
65
82
59
158
63
247
62
241
0
104
115
124
77
71
58
46
68
196
122
101
252
11
170
147
239
10
228
226
252
227
138
224
74
220
202
16
80
119
172
218
196
172
68
252
112
62
133
240
151
10
6
125
126
127
65
1
71
68
193
136
240
137
65
175
105
109
210
186
172
21
105
176
161
45
77
106
169
120
11
125
17
211
90
89
3
43
151
88
110
52
157
141
158
137
215
12
16
128
40
175
250
93
182
128
65
237
64
21
87
1
141
192
183
135
211
167
70
145
153
3
1
107
15
155
229
115
106
5
67
39
77
114
232
120
157
27
135
156
229
143
161
152
160
39
92
129
169
12
243
60
191
66
249
134
88
208
249
42
70
175
211
225
220
144
65
160
122
151
154
207
44
7
26
55
255
104
65
172
179
83
179
121
193
237
227
6
187
52
138
87
123
122
169
5
30
123
194
40
150
143
72
38
199
41
78
129
202
112
106
112
140
242
24
27
51
103
22
22
10
39
226
149
125
231
102
133
115
0
216
211
24
201
120
66
234
186
190
3
194
6
122
188
137
96
49
171
229
218
203
182
175
87
123
85
125
234
67
121
103
46
209
105
145
30
122
6
112
192
101
9
130
254
253
164
60
64
161
253
23
111
139
176
134
47
154
139
223
114
9
245
125
57
247
152
78
227
162
62
187
199
180
205
75
4
34
5
162
152
120
153
135
119
192
254
15
18
84
36
98
0
179
202
51
146
222
138
108
151
42
70
118
132
37
63
220
44
141
228
242
47
246
186
158
132
235
104
1
150
225
238
67
17
137
94
253
103
236
238
22
155
31
240
54
208
52
167
156
62
174
215
68
106
200
161
71
198
64
126
213
70
52
17
198
90
231
192
13
162
211
245
73
178
43
141
223
55
183
168
105
148
126
61
182
32
162
193
123
49
188
45
231
190
183
192
254
103
137
99
100
178
164
250
87
83
62
233
86
12
44
176
10
82
141
129
188
179
162
153
222
1
204
242
204
182
28
19
116
228
84
36
247
142
36
171
56
15
58
147
100
6
171
14
73
225
120
195
221
9
121
121
106
221
33
158
201
249
88
69
63
18
191
157
192
247
132
4
5
78
163
203
128
36
28
0
207
207
11
126
28
150
41
153
249
18
215
120
57
139
214
188
97
98
147
146
4
126
214
69
55
14
96
148
31
253
11
170
59
115
227
184
190
86
62
70
24
58
210
199
163
100
232
146
9
155
112
211
2
18
112
63
126
15
230
232
185
25
146
227
135
96
57
16
130
220
178
165
187
144
77
12
102
224
64
76
57
54
95
128
162
13
250
223
60
180
177
55
229
82
119
15
36
106
79
167
169
130
85
202
229
230
221
117
97
85
117
210
206
69
169
93
204
39
190
93
71
41
205
44
233
172
138
70
144
53
173
187
243
234
6
154
58
91
242
154
35
151
206
208
163
37
193
9
34
143
51
245
170
38
165
51
193
176
129
133
88
61
214
194
214
152
9
52
229
242
71
237
219
24
221
156
234
141
55
87
23
184
133
248
83
244
71
212
122
22
73
32
239
87
51
9
77
96
93
4
145
89
85
57
140
181
253
61
17
140
155
196
31
135
141
42
213
78
113
111
43
180
56
193
23
232
142
230
155
248
33
71
124
135
237
251
128
105
76
125
174
244
112
83
86
105
81
45
185
164
73
74
196
189
251
239
84
99
249
29
101
238
221
194
220
199
249
100
181
171
239
112
15
1
92
78
183
82
114
211
110
70
109
214
161
245
11
91
235
195
102
204
228
115
170
219
95
115
30
190
31
142
209
83
113
209
1
255
92
115
52
191
170
140
186
132
227
150
129
195
243
119
239
185
202
92
23
160
153
194
153
230
43
178
162
119
227
113
90
27
30
23
138
9
230
22
20
86
205
75
254
47
136
156
38
16
200
173
124
15
199
8
23
250
202
64
142
199
67
234
206
212
194
115
142
122
72
90
25
159
14
67
43
81
30
216
200
254
6
46
78
127
116
166
226
89
133
197
36
196
90
15
242
197
9
53
213
150
135
252
157
20
249
235
21
29
36
155
92
238
195
75
92
218
231
189
29
238
62
44
70
53
150
38
177
144
172
89
146
176
171
186
68
16
53
26
173
150
215
132
219
231
78
181
119
238
14
143
244
133
131
143
162
12
232
58
255
124
175
172
132
211
46
70
175
104
209
157
205
162
249
252
190
220
163
76
13
4
115
195
75
181
0
40
239
101
142
25
157
31
17
12
214
4
229
137
95
137
78
128
118
19
95
73
226
242
173
211
43
169
82
114
223
249
136
143
63
133
95
192
165
16
0
163
221
3
88
167
113
212
114
116
202
125
16
49
133
121
30
0
213
186
244
46
249
220
63
91
180
30
111
118
40
107
194
170
195
111
48
255
12
211
143
42
179
121
226
209
187
50
2
205
172
164
18
65
154
158
85
230
134
241
237
99
61
134
178
17
253
49
124
134
39
227
72
188
152
0
183
111
227
216
156
195
23
157
239
5
204
174
20
236
141
150
97
55
24
9
188
104
83
230
14
20
120
190
49
76
89
8
85
254
75
156
118
2
231
198
189
141
36
141
23
39
27
53
195
13
37
107
126
168
215
124
15
114
159
96
203
82
55
57
66
11
33
216
115
220
94
56
9
223
245
53
115
173
136
211
23
84
118
3
138
194
43
189
213
121
80
77
231
109
59
97
83
114
201
33
208
34
181
168
87
235
138
33
126
227
31
236
21
82
80
112
34
16
68
53
149
75
235
247
140
193
121
236
209
88
225
124
140
190
69
4
191
119
31
87
103
191
87
243
157
169
22
61
198
226
65
94
172
30
10
119
82
32
31
98
124
116
133
245
119
206
40
248
155
187
162
166
86
115
243
36
141
236
140
193
167
89
195
206
66
112
238
255
80
226
228
81
193
201
114
99
226
229
116
24
77
151
44
234
79
169
143
36
41
251
119
229
117
209
179
217
17
31
186
65
107
250
111
153
159
10
255
200
84
147
154
17
145
28
161
228
197
149
107
96
49
248
99
115
231
237
136
161
30
30
134
136
228
103
62
21
215
46
149
107
117
122
55
136
116
51
7
171
105
86
52
162
58
233
162
125
152
175
137
164
248
193
162
88
175
217
4
200
217
144
247
23
165
29
206
113
50
220
225
241
99
207
146
193
213
41
59
4
16
84
223
93
93
154
32
249
97
121
88
39
224
223
84
150
246
57
114
252
12
27
145
17
164
6
103
203
42
103
204
84
242
214
17
187
111
179
146
24
42
129
81
210
187
173
34
120
144
149
11
128
49
116
250
97
74
133
142
101
239
90
79
78
224
49
28
185
154
205
221
225
142
253
37
229
248
155
79
245
246
9
239
122
48
105
104
118
64
42
0
69
141
10
156
247
63
76
57
3
130
50
184
199
54
161
35
211
224
217
245
199
13
51
67
212
13
242
62
115
152
233
6
206
225
90
27
159
4
185
208
137
121
20
178
32
70
111
18
48
226
166
42
241
191
210
191
116
100
140
52
176
1
255
255
51
255
157
54
173
114
72
202
205
185
169
110
101
19
27
117
235
4
145
167
63
168
213
223
34
189
244
185
209
3
99
181
26
47
239
225
160
232
40
98
7
77
96
201
56
119
198
198
85
219
200
60
89
81
63
88
217
174
118
3
109
118
77
63
179
20
239
108
45
244
126
171
175
77
181
203
158
253
41
223
248
174
93
18
177
35
227
233
13
177
93
147
141
97
247
170
79
214
88
196
7
153
83
32
86
153
187
168
9
18
10
185
136
65
81
43
227
140
26
192
4
227
129
2
140
24
78
66
183
177
248
66
23
135
4
2
6
53
146
103
125
183
45
247
171
114
228
236
165
5
52
198
150
21
140
203
140
146
158
126
31
40
204
135
191
225
153
49
65
57
153
254
72
76
131
95
90
232
56
221
39
25
116
89
212
41
43
133
162
167
25
91
131
19
143
53
28
184
99
171
148
66
174
96
123
29
97
237
98
32
129
61
247
174
165
187
170
229
40
154
19
142
203
207
61
118
35
142
180
165
131
2
82
48
67
242
50
152
117
182
8
251
119
140
230
212
112
200
155
130
12
242
177
93
105
81
87
166
166
201
240
228
189
172
143
131
69
230
82
64
49
212
205
179
233
40
231
158
35
38
72
65
241
191
121
43
162
239
178
27
111
175
147
145
74
49
199
190
255
11
17
53
169
28
185
2
105
168
119
28
122
252
91
105
32
139
71
197
156
100
84
81
193
76
66
117
230
170
192
24
28
138
175
27
103
43
131
116
209
177
154
229
43
162
24
188
123
78
174
151
53
99
27
197
230
116
150
232
109
153
53
126
205
1
0
158
240
13
92
223
1
248
76
32
58
85
124
156
239
204
203
199
225
85
231
255
147
210
242
148
150
62
19
200
88
147
124
195
90
241
55
160
243
36
192
16
162
134
22
244
42
48
221
192
170
80
146
162
58
94
123
7
22
137
55
127
2
189
70
104
105
217
147
15
130
79
158
5
89
153
11
0
108
198
157
53
161
14
252
89
148
60
161
0
73
17
169
240
245
63
49
108
116
184
158
232
183
80
198
93
174
213
115
61
17
243
161
78
159
44
217
83
23
145
168
46
191
125
68
220
223
234
221
129
155
40
242
82
222
198
6
19
238
236
131
231
68
255
74
10
123
98
84
7
132
138
237
104
88
151
153
42
94
168
31
92
10
48
70
255
64
23
57
102
152
95
80
155
161
67
186
247
12
98
191
248
34
162
3
59
134
207
73
73
177
32
42
65
77
109
110
205
48
166
106
137
93
242
25
152
113
233
83
37
46
251
106
181
154
22
74
219
221
68
178
232
95
51
102
110
116
175
197
115
250
128
175
244
227
254
218
32
75
126
217
142
208
158
222
221
208
40
84
159
7
229
66
222
54
99
179
97
249
52
247
86
219
96
147
139
189
1
76
95
245
253
3
14
246
84
165
169
59
194
78
69
88
231
80
232
10
153
80
197
21
230
108
83
243
113
180
214
140
161
179
80
20
175
249
102
215
95
93
185
151
10
100
82
193
79
193
127
181
255
132
227
42
185
117
114
55
218
142
191
181
169
250
104
116
95
249
53
120
224
102
54
102
57
70
196
46
96
94
63
119
84
21
142
99
162
36
6
189
76
191
209
70
154
186
158
195
11
0
85
29
187
125
91
66
168
119
98
119
10
253
183
220
143
192
244
83
84
121
83
46
75
64
22
123
7
125
34
18
212
7
255
223
248
130
211
174
46
115
207
153
22
100
249
135
106
107
47
240
148
34
13
184
222
225
216
158
159
212
39
120
79
6
48
223
63
26
83
120
142
95
207
60
114
204
18
179
199
209
14
72
48
163
109
139
187
142
97
31
249
35
71
147
145
8
214
128
159
84
193
199
9
185
174
90
102
204
100
209
127
78
19
142
240
194
184
139
104
141
250
228
110
186
186
91
5
227
220
161
115
210
58
57
93
155
134
3
13
21
234
91
77
254
218
4
32
74
11
36
135
29
80
40
76
212
42
104
83
192
232
66
152
176
215
34
255
176
76
246
48
199
113
186
68
36
141
212
36
130
216
161
39
4
124
205
247
154
179
5
53
61
222
91
125
9
3
221
97
16
152
1
56
88
155
220
234
47
56
110
60
94
109
9
6
188
170
66
193
243
146
182
24
85
170
155
19
186
169
250
24
213
94
204
21
123
242
214
37
148
137
143
246
237
132
62
143
184
188
145
70
23
7
224
57
78
60
119
182
15
134
196
39
232
205
160
47
219
203
84
172
96
155
116
38
249
41
123
77
131
90
108
208
133
85
35
34
255
72
229
232
200
167
158
74
97
57
86
170
169
62
137
218
0
163
76
176
52
23
227
250
164
72
150
45
56
69
23
121
30
206
106
93
84
215
147
106
55
236
144
124
96
90
173
205
233
208
148
33
120
54
176
69
87
47
44
67
190
230
165
1
174
75
144
133
206
127
61
21
160
135
31
81
106
102
121
136
75
169
178
65
57
25
199
80
156
203
226
226
244
2
191
79
137
205
119
79
184
17
45
49
181
117
10
71
74
134
35
27
73
107
57
121
128
77
151
73
178
93
183
105
115
132
129
174
119
98
42
208
51
190
185
148
69
146
226
169
16
122
45
120
94
183
110
205
217
145
201
226
165
57
88
48
200
150
241
18
208
237
105
175
36
13
139
81
33
162
233
189
238
228
187
168
0
163
20
51
168
205
158
149
212
46
177
28
222
226
128
233
9
131
56
81
18
82
68
205
78
152
234
153
165
209
15
19
78
76
144
31
208
143
226
7
208
238
228
203
142
15
4
213
128
218
234
128
11
140
174
230
144
4
16
144
109
132
90
143
81
184
244
84
146
229
209
28
123
239
178
139
226
11
174
152
114
157
233
91
209
236
40
110
136
58
41
94
192
126
187
109
234
222
77
52
200
165
22
171
190
154
172
211
141
0
24
247
103
112
27
65
141
190
239
181
38
114
144
39
214
205
135
110
241
236
146
198
166
171
7
147
235
184
127
79
103
102
152
19
212
6
120
226
94
238
132
108
253
195
64
91
132
198
137
250
215
75
120
117
107
221
49
109
74
228
124
234
232
150
133
167
92
85
126
169
116
217
221
214
232
239
133
31
214
90
139
230
82
163
163
85
0
70
50
101
195
129
7
91
207
202
0
80
101
191
176
62
42
25
104
191
238
140
59
238
201
255
33
137
213
209
159
170
190
175
223
127
182
239
178
91
154
161
50
210
233
237
53
101
56
76
96
113
159
95
176
156
44
243
87
20
111
199
13
26
139
220
229
112
14
178
55
51
157
190
186
34
229
7
252
166
162
58
137
8
178
147
59
96
86
218
235
190
180
81
78
90
111
215
84
124
225
112
51
220
167
84
238
94
23
220
137
229
186
176
120
72
95
200
212
154
143
106
26
210
150
208
119
163
176
116
46
238
35
80
4
248
213
141
53
145
123
34
183
246
103
48
222
125
94
233
36
126
24
146
55
41
155
141
143
164
148
114
9
50
130
27
181
197
199
160
68
86
219
223
131
1
31
255
99
97
172
49
147
141
245
213
253
157
15
156
240
68
99
150
14
248
197
22
170
68
160
170
255
218
40
94
233
202
150
12
44
36
6
122
128
195
83
19
186
26
45
139
65
223
196
203
149
228
133
48
247
30
119
132
140
37
50
36
0
35
97
84
49
224
97
12
218
252
56
49
148
102
174
208
131
200
248
169
61
56
214
63
57
131
123
104
244
193
78
241
86
137
89
228
212
74
141
137
105
244
193
21
238
191
137
199
101
226
213
16
38
165
231
133
54
181
170
101
236
66
49
17
66
201
158
234
246
240
85
54
254
112
202
51
50
243
59
166
89
19
136
207
45
4
45
16
144
13
60
192
37
54
12
119
249
237
187
128
12
199
246
171
168
76
112
102
48
1
137
47
9
26
16
214
165
233
229
0
161
7
183
247
214
159
231
26
238
220
251
202
18
236
38
82
142
0
182
188
68
31
102
30
199
139
252
226
14
110
50
59
144
237
234
151
83
35
132
26
75
50
28
183
55
39
185
142
229
192
248
115
1
237
226
80
45
178
52
212
241
177
208
14
95
236
228
71
14
123
99
200
199
47
42
38
235
136
9
39
108
56
173
180
111
1
157
229
101
90
232
66
157
76
92
190
10
171
4
216
239
55
54
78
239
119
41
172
135
140
146
81
148
136
48
227
64
192
206
26
14
16
251
218
198
107
183
160
253
110
73
1
133
113
18
24
199
135
78
222
85
250
29
236
253
236
249
153
214
219
237
201
55
238
254
56
91
85
94
188
79
45
77
27
88
22
85
53
27
85
100
155
32
247
26
100
231
216
164
144
97
243
17
149
2
3
255
234
215
238
129
191
89
200
84
255
219
67
235
127
83
131
36
90
243
21
145
14
230
160
95
0
102
154
57
27
247
245
255
36
156
220
244
23
221
5
124
125
197
5
110
53
235
32
34
129
195
100
105
241
171
95
109
224
255
3
88
109
246
0
230
70
239
28
198
16
176
81
202
180
10
144
182
213
15
139
99
31
136
148
128
226
70
37
32
33
182
80
135
131
176
243
229
94
254
33
210
149
137
162
132
105
97
58
5
156
236
51
148
251
5
241
2
176
213
15
224
186
238
226
158
115
209
183
66
249
41
85
113
190
46
241
39
166
169
171
110
0
45
27
252
198
148
154
168
102
92
195
44
207
179
195
58
3
137
222
81
238
110
218
118
21
205
139
189
130
172
147
107
252
115
9
201
120
116
11
193
141
0
217
182
109
148
196
93
20
90
121
199
173
63
42
47
98
166
141
230
177
252
6
243
81
123
132
205
3
69
60
145
236
229
145
176
233
100
225
181
123
222
117
204
0
211
27
34
92
32
97
210
194
250
179
146
21
57
69
110
70
157
199
97
171
198
101
225
232
220
100
190
64
146
25
205
230
201
252
23
157
165
22
58
92
64
113
64
138
69
253
234
251
150
130
85
90
203
19
145
251
183
13
102
254
207
238
26
216
208
46
185
128
56
84
88
40
97
237
168
106
84
147
212
3
174
109
132
149
219
207
219
146
125
63
67
124
37
91
157
123
242
20
243
38
239
102
81
179
200
20
152
85
130
235
244
122
11
245
47
68
21
132
183
108
230
134
12
31
43
212
153
5
109
252
75
249
90
59
10
218
63
73
250
181
66
154
177
113
25
87
66
81
133
177
216
133
47
227
99
208
12
140
131
139
141
74
55
168
39
1
28
221
232
122
237
43
164
24
17
143
32
40
213
116
16
9
213
102
31
231
242
11
97
65
27
17
108
154
192
44
50
65
72
136
21
55
4
116
179
110
158
208
96
4
62
246
210
125
149
185
55
62
22
145
125
178
236
48
208
99
252
190
147
25
31
255
139
40
132
47
233
220
250
9
224
105
60
139
81
119
182
33
69
89
225
246
222
181
55
5
170
247
109
201
150
185
136
58
130
20
66
128
114
149
33
45
181
204
4
166
166
152
115
82
191
148
208
0
8
131
83
146
85
27
211
4
82
212
103
95
252
47
24
218
10
177
193
49
3
151
165
37
131
35
254
135
196
228
31
67
141
61
185
37
189
12
243
127
119
19
178
152
68
226
168
64
124
145
198
14
254
205
132
80
77
69
168
97
164
141
5
122
82
147
72
175
219
56
254
138
96
230
234
123
81
134
147
91
5
68
94
246
174
133
182
176
198
166
146
243
17
31
184
217
142
115
120
233
37
98
142
34
208
236
134
160
63
134
227
182
222
6
205
135
102
243
28
152
221
119
91
180
189
248
231
211
252
238
46
177
249
155
128
169
93
127
155
167
153
201
146
219
133
143
236
206
150
18
250
61
77
133
100
87
242
48
70
19
13
153
218
202
161
234
66
17
174
38
21
33
210
210
61
81
251
4
189
171
176
24
221
145
251
145
26
100
91
159
97
55
64
20
27
171
192
72
28
195
131
98
52
19
152
111
15
225
163
6
66
155
49
31
177
234
114
154
184
23
