116
158
2
134
43
139
51
235
85
66
90
133
205
181
232
99
55
228
46
23
198
38
115
144
14
163
186
66
130
85
144
171
114
104
143
147
73
80
212
158
135
236
204
165
220
139
193
187
130
34
210
9
234
58
215
10
166
134
154
0
127
12
177
174
75
93
49
89
145
60
65
173
218
43
92
32
101
153
202
94
130
137
4
253
99
83
41
68
234
138
224
216
167
108
253
176
126
118
172
154
106
166
188
170
1
29
66
62
174
86
38
64
214
48
34
35
160
111
9
161
214
88
11
12
163
233
212
70
200
219
16
225
58
222
222
153
141
255
56
152
125
145
112
112
138
175
66
59
148
184
46
166
203
45
250
187
24
116
132
154
193
65
6
192
62
84
214
144
91
140
146
231
201
196
67
101
74
241
52
49
39
76
211
49
133
130
209
107
48
167
237
63
78
247
158
221
246
229
72
56
66
130
212
134
56
63
176
41
250
231
149
185
129
148
200
114
185
131
182
182
147
243
239
37
167
230
218
180
150
88
211
143
126
231
217
173
60
142
133
152
52
33
35
43
73
88
86
107
118
197
17
212
139
191
134
176
61
208
145
232
24
48
19
21
53
181
144
13
180
239
75
138
101
87
235
180
206
188
91
150
158
39
123
34
141
16
97
201
81
68
53
16
232
19
247
201
243
84
149
193
191
227
116
137
137
57
236
68
166
136
159
142
248
93
24
26
241
72
132
24
97
85
22
237
250
206
243
242
14
119
37
101
171
243
146
153
244
6
202
133
221
31
154
251
86
23
115
5
81
193
150
238
165
111
132
236
62
11
140
6
219
17
7
78
72
248
30
135
173
5
46
165
84
106
216
125
146
254
154
82
60
159
36
16
137
145
222
116
62
115
76
168
150
41
224
175
155
216
225
79
124
198
207
38
181
123
24
160
99
83
212
159
9
177
205
210
229
107
141
58
71
201
185
124
18
232
249
30
215
200
240
94
137
215
99
231
137
141
36
91
70
65
218
124
162
214
98
112
224
173
178
89
31
167
33
164
196
191
108
180
150
166
56
152
70
148
119
75
191
184
238
244
245
194
77
190
33
205
82
74
214
243
253
72
17
81
1
140
180
76
106
43
235
148
44
246
154
147
254
226
4
0
82
8
154
90
114
239
173
33
238
87
70
139
22
44
235
55
1
44
146
167
52
60
54
162
98
88
131
246
35
209
226
22
165
28
102
148
106
137
75
203
107
246
233
154
202
142
158
211
127
64
148
184
118
128
112
77
231
40
57
163
201
162
252
16
172
242
158
114
207
2
21
103
160
22
182
41
5
193
2
220
202
86
139
139
53
166
75
11
177
50
12
1
0
25
75
101
161
24
226
25
206
133
51
73
0
90
177
103
151
134
214
144
111
73
236
48
122
244
73
145
115
47
234
128
81
189
9
6
8
89
74
102
27
23
208
250
151
195
120
148
206
58
2
23
174
37
46
117
146
36
59
73
190
114
145
163
132
238
144
112
6
81
86
157
42
73
115
88
89
65
183
140
149
72
193
232
229
203
77
49
151
50
106
114
168
16
116
152
80
81
216
66
25
152
71
176
22
201
101
80
226
80
81
50
254
241
83
203
105
235
160
129
41
50
179
243
174
217
61
131
200
251
19
66
208
236
66
56
185
138
181
63
41
87
73
146
130
10
91
199
178
70
92
37
144
50
3
160
80
132
30
234
75
225
126
24
150
202
42
86
228
80
52
179
158
63
225
188
204
248
215
66
82
99
218
219
54
171
5
220
84
1
135
213
51
40
1
6
107
7
125
33
150
230
71
166
29
163
198
26
44
27
126
167
164
156
111
160
251
183
54
228
80
18
127
110
15
144
164
254
173
32
116
153
227
255
5
237
175
152
56
223
156
7
158
128
19
40
226
225
19
50
148
145
25
55
64
155
163
62
246
184
118
55
171
107
23
62
248
54
64
35
107
173
239
142
223
215
140
221
121
86
87
72
17
21
198
46
174
35
136
157
96
59
41
96
41
186
135
137
79
211
102
36
61
192
92
160
30
223
112
87
7
103
253
120
156
19
214
49
6
200
98
202
213
90
86
188
51
17
254
35
223
226
9
102
164
56
126
26
178
50
137
69
195
49
71
213
157
86
195
9
130
48
101
66
72
238
212
138
55
230
101
171
56
40
35
116
11
4
114
194
187
148
69
170
52
31
237
55
76
174
191
243
29
45
152
195
187
36
206
209
184
170
169
245
211
197
177
1
121
100
96
10
239
202
122
18
245
50
115
65
194
106
239
13
67
128
82
113
162
154
165
57
33
187
101
206
175
117
135
167
147
199
13
68
130
225
186
89
181
226
148
41
24
194
135
236
26
185
81
105
113
140
100
115
26
208
0
189
178
156
12
42
180
175
238
196
42
1
63
237
81
87
216
91
246
253
246
213
131
163
82
180
74
143
160
187
85
151
71
104
122
61
1
166
2
228
231
209
40
72
25
193
38
222
193
47
208
147
28
100
176
184
197
24
170
165
135
209
38
249
198
198
194
65
157
115
123
111
245
54
64
161
209
31
97
70
221
103
102
58
219
162
13
166
125
41
164
244
193
191
27
151
95
72
215
201
123
255
188
213
126
119
249
1
226
250
44
53
189
33
247
177
255
110
124
171
199
183
190
52
90
189
244
116
204
179
146
24
119
164
204
251
132
62
254
148
67
50
90
186
72
196
102
194
59
189
101
35
177
235
243
47
254
134
154
182
60
66
84
131
183
137
118
193
165
229
33
147
137
123
91
194
52
220
110
161
179
81
94
124
134
235
229
34
96
208
117
73
180
218
21
165
77
34
165
49
205
226
36
93
90
165
33
63
104
85
18
182
16
45
109
118
92
149
189
124
102
78
104
95
162
38
85
153
110
18
247
59
65
60
251
165
85
32
88
147
152
153
181
79
66
8
239
168
113
187
221
228
100
45
153
22
80
216
75
185
38
0
233
135
187
55
124
60
73
219
43
230
245
64
135
24
207
129
70
181
91
132
235
142
122
133
172
78
8
5
140
209
252
211
14
208
8
187
208
53
125
16
246
14
98
119
127
172
11
129
144
131
20
0
29
59
123
220
225
45
11
79
98
1
226
93
185
139
136
39
33
8
8
149
105
224
219
202
153
119
76
35
35
62
175
32
67
25
94
197
132
220
100
214
123
146
242
48
48
77
158
105
222
177
83
85
185
182
25
237
28
113
181
66
77
243
64
47
231
248
83
108
111
20
15
127
131
76
61
247
142
201
190
175
143
183
227
50
13
87
144
33
173
119
52
219
206
98
70
132
104
4
106
114
215
61
211
33
194
240
227
89
103
217
125
112
159
59
58
223
68
53
167
146
87
212
254
31
228
16
41
142
152
116
85
3
239
3
145
5
107
247
30
34
23
32
243
139
214
188
172
24
0
4
145
87
245
105
53
168
131
219
34
255
184
243
11
29
7
179
37
199
39
185
11
51
29
41
93
242
212
157
121
95
21
47
123
141
208
3
214
47
125
228
13
118
224
63
24
209
10
28
79
91
206
22
55
83
91
40
68
199
171
187
93
131
20
65
43
80
132
41
69
205
175
28
204
136
122
105
113
4
203
146
176
143
125
34
79
87
206
166
215
201
53
213
173
107
53
102
228
197
188
15
196
73
57
106
149
207
245
232
135
156
112
121
88
183
200
112
204
47
139
253
87
205
235
223
7
153
222
243
114
184
122
229
140
110
237
23
255
0
203
155
216
1
79
176
1
188
111
217
96
132
33
142
44
96
132
61
45
66
255
36
251
217
47
234
176
215
248
214
138
42
127
133
23
255
35
184
234
10
118
142
141
206
192
55
27
1
70
235
10
140
253
142
230
140
94
165
142
126
181
24
107
82
169
186
249
17
228
158
231
59
230
55
250
251
231
86
22
204
108
219
172
99
23
169
57
129
97
106
96
227
83
183
31
238
117
140
117
115
119
70
64
63
99
58
207
6
166
133
201
122
241
67
137
239
45
190
26
182
124
29
120
44
214
31
234
77
39
10
44
43
249
225
51
13
210
146
194
254
105
140
214
119
209
186
210
150
137
109
103
78
155
152
165
153
166
5
243
58
22
114
13
233
105
181
113
135
175
206
209
163
7
238
175
119
27
188
56
58
23
144
22
186
65
43
139
3
236
218
50
135
73
76
217
119
223
16
5
67
120
92
146
26
137
63
183
135
121
89
182
109
218
35
175
103
0
4
226
174
245
121
231
118
31
10
202
74
80
132
30
90
165
4
59
43
89
30
138
98
183
211
255
247
116
138
209
186
229
174
205
137
160
169
125
217
213
236
120
180
7
77
72
255
247
46
244
220
18
237
134
71
253
137
101
188
39
112
56
196
13
152
104
229
250
70
74
197
49
134
7
38
230
63
161
67
73
223
23
210
245
23
146
161
11
13
253
68
55
19
73
250
71
219
78
217
41
154
203
245
133
178
82
214
255
202
138
79
176
107
176
17
41
161
169
40
122
94
179
217
167
211
82
158
189
1
208
5
50
83
95
156
131
111
178
185
120
54
240
9
148
3
79
164
105
176
176
55
176
42
91
11
41
157
193
145
94
25
228
234
116
128
211
112
146
181
56
228
214
122
41
40
64
25
64
255
0
82
31
46
240
219
207
115
234
116
156
43
6
88
222
42
190
17
223
21
19
13
8
122
194
21
90
212
148
228
226
22
130
123
90
197
74
203
51
19
146
212
12
199
125
119
30
69
140
115
202
203
224
96
214
189
229
181
86
17
98
94
20
62
155
173
196
219
13
5
119
11
69
169
80
135
19
216
139
45
197
252
94
180
107
178
96
100
41
78
6
108
120
176
25
246
123
129
140
137
58
49
64
185
135
193
184
146
135
248
177
79
101
47
148
174
119
189
122
216
143
73
42
225
231
37
209
255
250
169
69
177
229
211
18
125
205
207
169
110
239
142
156
163
24
178
49
166
27
150
246
174
30
3
94
251
51
193
183
106
70
79
151
142
168
34
78
133
130
127
151
0
208
82
170
202
160
245
132
208
116
48
179
65
75
227
139
221
254
77
123
231
56
66
186
154
88
96
145
232
211
62
17
173
136
221
254
210
135
172
238
62
211
163
64
71
221
90
144
190
70
69
108
193
123
58
96
25
18
235
35
72
10
158
75
93
210
42
109
122
141
244
194
163
178
139
129
239
239
225
161
131
218
78
231
9
232
116
233
73
62
146
181
94
101
111
134
114
34
44
119
60
100
104
224
135
144
34
103
152
105
95
125
5
93
4
103
191
238
98
113
155
31
180
142
10
132
39
55
120
242
228
201
184
81
120
24
229
27
167
215
177
250
201
245
134
100
83
38
216
13
119
192
59
83
192
27
126
209
222
57
92
53
33
233
95
143
109
139
176
253
194
198
205
83
210
250
96
219
40
165
172
105
160
9
207
30
36
205
102
89
238
184
155
70
158
53
94
152
191
214
87
88
182
130
140
143
185
166
129
74
24
171
226
17
127
215
175
190
161
78
136
12
208
253
80
37
120
177
2
87
69
89
46
169
250
180
166
99
192
24
228
172
93
72
164
231
253
237
156
117
153
242
225
10
248
247
67
233
235
45
69
88
172
147
88
230
172
118
40
130
56
47
253
104
118
6
238
152
124
76
15
123
12
106
160
113
104
185
163
133
57
76
189
183
149
224
141
63
212
7
134
43
246
104
205
25
236
247
103
208
33
112
21
79
138
21
64
205
79
199
40
226
6
61
251
235
231
62
124
35
162
121
101
225
218
126
138
163
194
224
91
35
75
96
110
216
126
172
18
40
100
64
8
169
128
231
92
134
253
161
65
8
8
120
141
24
17
106
6
68
113
96
197
13
236
147
4
48
157
110
249
44
199
61
113
233
165
27
73
114
226
17
147
243
87
153
78
121
247
233
81
4
15
95
72
177
62
135
91
209
10
249
140
157
25
196
105
25
60
173
122
35
143
219
148
133
230
171
115
27
13
22
172
17
197
186
1
255
23
190
23
133
8
198
34
189
118
101
22
39
62
45
75
100
224
160
148
175
64
67
203
193
70
229
49
237
172
15
204
72
75
115
118
134
9
83
0
60
144
121
40
24
85
30
108
86
106
247
222
87
48
83
204
22
230
75
223
237
21
224
85
139
96
151
252
31
12
150
77
206
48
56
189
194
9
43
99
63
101
31
83
1
201
170
187
119
234
174
62
147
226
85
218
240
224
82
91
168
172
58
193
240
98
212
140
63
186
102
151
86
36
149
76
160
18
126
99
38
71
25
243
7
82
29
151
196
195
191
222
64
135
64
77
216
152
211
182
223
5
165
102
196
174
175
60
149
33
141
30
90
15
110
127
204
77
12
92
184
185
190
47
1
10
38
82
195
34
157
173
174
71
206
20
181
30
191
131
27
114
85
123
223
182
14
212
126
195
104
7
23
102
157
223
46
253
110
164
11
240
26
92
250
249
243
107
76
196
214
60
100
134
236
61
190
60
137
80
217
47
200
253
227
181
112
237
23
59
45
233
227
204
164
131
175
31
213
254
119
197
155
200
130
203
27
58
218
28
109
140
184
232
134
53
15
134
128
91
177
18
12
157
17
180
210
68
240
252
129
178
13
138
26
128
150
82
168
145
138
168
100
52
183
31
83
94
226
155
108
93
221
240
7
20
0
9
144
106
255
219
12
126
103
112
68
25
62
11
154
88
68
225
199
241
130
160
142
232
13
154
33
8
55
252
208
241
228
45
20
160
180
230
159
1
35
197
207
174
158
177
182
65
139
29
185
151
50
14
233
124
138
73
136
105
46
120
245
144
107
120
251
213
69
83
23
215
67
64
128
230
132
156
158
99
189
60
38
47
62
16
7
70
126
170
134
188
157
145
220
19
215
91
97
33
37
177
186
208
86
181
48
96
143
90
59
164
244
217
251
116
39
255
136
44
114
71
80
184
207
21
70
73
52
111
244
11
195
170
145
115
140
4
192
178
55
51
33
195
110
192
2
102
145
88
63
197
169
224
110
96
255
44
186
237
27
220
141
49
34
65
111
91
125
119
26
237
207
39
166
189
199
75
143
4
77
46
60
154
146
73
121
30
127
198
58
157
141
143
203
181
202
102
69
248
216
108
152
209
26
106
242
246
74
168
198
250
76
83
111
72
184
97
177
68
74
44
165
184
177
127
122
13
80
88
47
246
145
161
92
39
79
141
100
187
43
76
111
60
101
189
65
65
255
33
117
180
79
8
26
216
175
143
67
240
153
0
118
82
252
30
235
158
124
249
181
77
39
64
156
25
74
245
148
237
107
146
156
13
152
98
71
28
6
86
184
117
242
100
109
121
35
215
35
18
86
200
196
8
178
30
187
91
7
174
253
139
169
120
91
50
243
173
109
203
230
101
170
92
140
252
110
46
232
250
161
45
191
98
109
121
124
96
88
152
230
90
158
233
144
17
195
121
71
200
204
182
94
108
1
39
83
190
139
11
6
228
114
114
8
228
171
86
62
95
141
175
225
125
248
162
50
251
239
122
22
246
71
142
19
10
24
192
144
129
201
55
208
53
148
193
107
54
167
80
242
38
198
210
72
151
187
86
98
180
117
165
22
120
62
83
226
92
40
20
225
63
192
54
216
88
169
230
30
193
120
119
62
53
224
189
154
215
95
81
236
179
12
90
230
155
95
171
74
60
79
96
188
142
55
197
124
162
205
144
44
67
97
225
189
102
105
113
189
186
142
169
171
50
147
181
124
94
52
103
83
118
91
141
211
46
166
26
177
136
79
111
183
77
205
28
198
103
207
136
195
196
111
88
77
18
248
22
104
226
211
19
226
219
8
170
47
121
2
187
24
125
84
55
49
208
192
59
165
209
248
191
202
89
239
10
97
210
157
111
98
255
219
87
43
139
34
69
186
231
22
15
214
82
86
94
123
76
175
49
79
133
176
129
221
200
61
43
170
148
48
86
182
50
130
147
194
132
67
60
240
100
213
81
238
170
196
226
118
147
81
210
210
5
113
187
212
137
153
123
240
57
181
108
152
176
167
17
149
237
116
116
175
152
185
170
130
142
203
24
179
57
118
210
229
175
207
32
166
173
39
205
46
119
194
106
92
77
184
220
149
111
113
189
154
50
184
162
172
239
20
98
116
190
194
185
112
58
142
149
118
2
75
35
120
154
96
174
14
95
237
235
17
247
204
240
29
125
27
161
253
201
233
239
45
166
72
39
194
219
183
206
83
138
87
74
55
69
95
106
220
253
147
9
254
15
43
74
89
148
2
106
17
125
17
135
13
111
96
3
180
45
137
18
203
86
171
54
147
183
252
169
229
247
239
223
207
156
177
93
57
243
48
66
152
222
4
246
234
75
10
129
206
4
171
115
56
14
121
23
166
213
20
147
152
160
34
207
251
195
200
176
222
110
242
225
196
63
206
194
83
253
238
187
207
118
162
53
28
209
182
168
6
59
33
138
87
211
20
40
9
141
4
21
72
10
143
196
216
144
16
48
245
150
17
49
207
137
67
197
7
146
8
207
59
187
54
66
15
168
123
192
129
63
181
160
126
56
204
160
133
211
127
113
96
85
206
224
238
126
118
44
196
16
64
195
1
110
179
28
115
203
148
17
85
40
234
53
135
182
64
14
113
174
33
136
130
169
185
37
112
93
211
130
21
54
139
83
59
188
193
254
136
245
160
211
151
226
43
144
77
61
8
203
18
91
18
57
142
60
100
121
167
173
245
195
29
201
43
156
129
25
203
162
219
181
249
165
145
1
177
221
155
153
5
100
202
195
224
48
186
28
74
70
126
119
57
174
238
136
235
11
235
250
39
32
104
7
57
233
178
116
173
168
227
154
163
29
169
93
102
40
26
207
79
63
153
237
242
136
99
88
91
206
94
222
210
35
2
34
138
202
151
253
237
107
119
5
206
23
14
47
124
76
18
61
4
43
230
228
80
58
69
234
99
177
22
96
0
203
249
180
179
54
248
141
162
8
83
56
22
221
17
186
241
214
57
4
13
8
179
130
121
20
22
106
163
1
59
250
202
175
133
87
71
15
24
195
107
166
90
86
37
63
181
61
76
233
243
107
5
147
73
114
231
125
82
83
206
3
79
3
148
155
70
215
201
34
28
19
155
2
24
23
162
18
211
35
21
71
111
212
239
31
124
112
228
53
156
115
195
14
157
254
189
0
60
144
246
146
14
35
56
200
239
69
240
136
4
186
66
194
225
163
174
89
120
179
189
246
39
75
61
51
34
64
166
175
220
193
0
7
249
140
72
239
253
182
106
62
251
234
97
230
104
122
43
169
55
90
63
125
164
13
135
93
161
237
246
208
203
82
62
74
45
48
127
35
52
215
217
189
113
207
51
253
195
150
131
146
104
251
28
223
12
94
178
2
154
217
57
192
7
193
249
37
190
44
33
189
244
255
249
15
49
186
212
76
6
186
65
185
158
166
33
36
156
44
100
67
62
231
66
50
15
208
7
175
133
43
241
226
144
71
161
102
169
31
27
30
230
14
212
8
79
216
201
29
114
67
229
68
180
207
100
189
109
126
55
10
235
195
128
142
84
207
72
86
185
62
209
241
72
205
195
221
24
226
88
153
26
70
217
37
119
148
9
158
209
113
112
153
36
151
190
28
173
209
54
30
185
140
140
135
84
121
189
36
121
20
2
78
13
12
205
162
238
77
54
106
31
12
190
24
219
41
104
95
176
23
236
39
152
43
226
233
82
177
162
53
209
175
204
114
229
135
230
254
10
92
176
39
103
241
220
111
129
122
146
6
181
223
85
49
141
177
210
146
24
37
133
111
91
38
179
29
222
52
85
164
4
160
51
222
239
107
32
85
49
185
6
54
50
194
129
106
163
253
149
233
161
99
95
168
27
74
187
104
15
179
207
53
187
199
235
97
168
216
92
106
61
186
135
18
182
27
66
122
197
99
97
230
24
78
32
133
201
167
226
211
79
18
32
110
239
193
172
32
97
67
195
85
49
78
247
171
63
38
5
169
136
215
2
48
8
1
219
15
131
211
84
234
134
138
204
131
55
54
134
163
234
144
235
197
166
135
236
123
140
146
97
89
93
220
176
77
120
214
40
17
121
170
33
3
169
77
176
68
229
25
56
109
186
190
79
10
82
246
74
216
214
181
242
33
190
112
205
141
78
89
240
22
52
210
32
249
131
87
229
169
79
202
248
154
158
129
21
141
181
162
167
190
136
152
187
201
8
2
150
101
11
23
158
169
195
73
41
48
158
81
10
153
49
129
240
185
246
28
243
240
12
0
247
60
31
249
186
63
135
249
117
61
189
134
164
248
252
11
17
95
208
23
10
16
29
50
39
1
131
127
30
48
67
81
201
90
212
142
210
127
232
201
194
244
231
241
237
174
88
155
207
199
225
18
136
75
107
10
34
91
84
183
63
211
78
149
203
255
194
248
45
251
28
114
86
159
179
82
157
137
117
76
123
51
98
80
85
125
253
106
195
28
98
5
132
173
42
72
100
181
87
82
17
35
46
106
38
86
7
108
73
120
132
248
255
4
179
82
230
203
103
206
17
76
107
138
224
102
65
223
228
213
30
175
13
114
132
50
48
236
160
202
119
189
62
247
213
36
172
231
73
153
121
33
205
95
244
220
191
198
98
214
218
161
139
22
186
113
233
95
46
239
123
46
65
177
126
158
251
249
245
49
84
58
246
66
61
226
123
220
93
57
153
195
245
241
130
254
39
126
182
239
28
197
250
209
67
137
30
89
182
183
231
180
52
235
103
201
145
1
202
240
73
247
158
224
84
217
28
110
8
123
92
235
119
17
50
219
7
158
226
79
141
37
95
5
165
40
44
226
174
214
178
4
66
31
115
253
123
177
48
131
184
25
199
194
247
142
68
135
153
79
31
45
43
242
208
208
238
150
222
56
136
216
121
33
186
106
12
29
33
218
127
156
179
128
152
10
126
224
121
189
94
93
255
76
84
31
169
228
79
211
250
99
7
158
79
240
217
29
43
243
251
23
213
70
231
148
35
163
154
89
24
241
0
79
93
230
81
182
89
50
203
218
55
83
197
128
46
232
97
245
217
52
41
182
55
87
134
94
46
43
42
34
127
38
70
92
155
15
66
174
181
253
147
144
49
222
214
171
251
43
47
64
4
25
102
27
105
29
10
218
77
33
132
87
243
14
220
221
51
160
36
171
214
69
85
3
127
103
93
136
84
157
7
209
194
125
40
166
190
166
209
71
224
175
139
98
233
13
238
241
39
194
174
166
149
169
217
240
185
254
30
24
203
191
85
52
233
11
148
215
199
193
181
156
220
8
17
230
70
171
143
91
162
213
188
145
91
103
177
222
207
219
233
235
234
0
23
32
83
206
135
231
56
197
183
46
74
128
221
153
226
39
44
23
158
98
158
38
222
73
58
3
173
131
42
86
253
30
230
59
212
247
121
1
49
73
213
202
114
97
158
68
151
106
47
160
164
204
213
143
254
180
81
3
191
86
104
151
221
109
230
145
134
169
236
178
172
146
102
32
66
187
137
229
238
8
88
53
222
238
236
206
190
26
142
217
217
41
151
84
0
171
90
102
79
142
210
59
130
228
188
153
128
18
151
141
58
63
5
112
157
23
115
188
184
216
114
146
71
144
214
101
61
189
87
31
159
229
9
243
242
90
167
139
217
0
43
144
186
236
1
112
60
171
49
189
171
69
26
162
161
104
28
135
121
24
143
219
171
12
181
215
34
31
167
139
156
76
101
55
205
163
234
53
53
113
210
16
180
164
105
139
31
72
176
38
112
200
69
188
187
208
249
151
236
172
137
224
194
152
26
10
222
113
100
10
184
126
233
23
45
23
122
191
151
34
178
18
230
251
13
142
19
0
112
66
143
154
126
227
155
248
156
106
89
32
50
121
40
189
62
130
238
85
147
65
177
113
208
126
94
255
27
95
71
31
79
217
174
186
180
160
71
57
218
182
213
227
84
10
176
101
135
111
125
48
137
172
77
200
57
50
237
38
64
16
39
178
85
156
216
137
27
204
249
48
118
231
174
113
108
211
153
208
213
20
72
88
75
233
89
14
213
222
76
112
62
176
111
101
247
50
43
223
36
199
148
173
244
18
20
43
163
30
151
232
166
218
170
55
155
30
122
6
214
45
62
112
189
71
53
218
247
7
73
194
19
124
215
172
66
35
6
34
231
172
53
106
247
141
91
246
4
169
86
225
182
3
198
223
140
253
133
126
0
131
34
193
70
148
247
3
231
142
52
156
151
88
24
46
236
191
95
239
37
14
172
6
2
103
228
129
19
187
147
221
201
35
139
152
6
158
164
253
233
78
121
66
177
43
55
38
5
246
127
127
56
103
82
228
196
144
103
231
31
10
254
59
17
243
252
25
223
228
59
249
245
60
121
162
230
151
125
93
100
126
72
218
241
88
96
91
162
116
177
115
34
76
182
136
19
244
234
76
57
70
166
147
97
121
95
60
136
45
107
13
168
7
174
208
7
164
166
44
162
166
50
116
145
82
114
239
16
230
74
106
61
67
228
168
205
1
191
175
36
155
194
30
181
91
116
22
3
13
55
129
195
134
0
229
167
33
5
50
209
109
36
59
54
153
20
22
28
168
147
184
24
115
39
197
164
100
37
168
114
208
126
35
64
139
128
111
18
210
8
112
61
57
160
12
20
147
75
126
167
144
197
57
75
57
17
249
200
220
208
51
146
19
130
137
16
169
231
60
84
239
75
192
254
108
162
50
232
229
219
204
196
29
174
207
158
15
203
175
243
63
88
56
251
160
238
96
215
147
133
108
22
210
131
163
248
203
223
81
252
224
180
107
253
19
224
46
202
223
140
130
235
43
193
33
227
241
229
249
24
8
189
46
19
250
111
57
54
243
86
41
200
194
206
167
119
108
12
60
192
217
21
8
161
184
6
16
173
26
38
59
49
10
38
255
18
194
168
80
193
27
78
1
120
248
223
182
54
178
122
90
239
105
28
177
148
175
105
6
198
40
85
31
137
191
3
93
120
75
238
224
52
252
75
93
68
83
65
229
253
84
47
100
32
3
50
254
208
142
83
91
244
200
108
222
22
106
117
86
168
14
192
124
155
92
134
4
129
100
204
117
127
216
97
209
91
233
2
216
157
222
161
251
35
191
184
126
19
65
230
53
179
204
230
190
186
196
193
19
189
12
183
48
58
5
163
67
128
190
55
179
41
57
8
37
30
99
230
35
20
110
252
33
161
86
178
67
114
111
223
129
117
232
68
42
45
205
233
116
205
183
136
85
61
63
123
20
141
95
248
123
132
45
16
0
181
48
194
225
246
15
252
210
101
81
119
138
53
124
164
169
139
175
121
33
4
242
199
128
131
22
91
246
62
121
131
75
89
170
57
77
166
126
222
27
85
213
177
50
115
69
152
3
113
150
73
200
184
118
47
87
16
2
89
202
138
103
196
239
8
124
81
172
245
16
146
244
246
174
66
13
116
133
195
187
43
110
68
24
123
114
96
84
53
38
251
48
192
122
33
231
233
102
121
11
5
223
15
144
112
151
252
177
115
204
141
202
195
244
110
6
191
162
63
134
173
167
254
56
91
227
11
67
180
123
219
51
156
29
90
81
109
100
50
214
238
95
124
82
37
43
32
191
141
238
242
220
28
40
162
246
183
129
107
97
186
29
129
239
62
182
223
115
254
103
122
63
143
230
25
131
126
111
236
211
200
54
41
101
52
148
110
192
247
15
21
47
146
5
20
23
81
195
26
242
158
234
152
123
1
234
197
36
178
44
81
95
49
110
180
134
39
66
232
160
100
152
83
81
233
225
160
168
61
135
179
128
216
166
212
68
20
203
238
177
205
98
224
42
26
66
233
65
161
14
188
34
206
22
96
37
138
244
144
78
85
180
163
31
246
208
15
136
207
20
26
117
33
255
18
25
238
163
48
82
190
30
56
50
108
248
51
203
233
0
24
5
198
68
62
100
70
153
225
204
234
214
167
108
143
49
65
168
57
223
56
118
190
241
58
197
14
227
229
232
98
212
233
120
197
150
18
28
104
234
176
56
129
200
78
176
128
254
142
131
239
220
249
162
57
194
16
47
229
178
179
216
93
93
20
230
196
161
118
83
5
94
222
184
249
204
89
70
112
156
164
9
165
212
35
214
136
238
1
232
150
124
197
51
206
238
100
227
251
2
121
4
109
205
247
165
61
177
223
77
83
189
33
35
172
10
141
53
141
51
180
94
236
160
195
20
68
220
248
32
165
224
219
88
69
156
180
86
232
169
33
173
102
118
203
207
138
32
228
82
87
132
243
149
57
192
90
44
112
4
248
43
231
58
35
22
122
40
214
43
131
20
229
120
194
61
236
160
231
181
32
65
233
21
109
85
172
197
80
5
230
118
19
2
4
73
5
119
45
139
89
67
146
193
65
156
16
64
5
167
201
172
131
110
201
76
179
77
144
27
47
158
187
158
237
148
75
56
6
13
218
198
197
122
27
216
7
254
159
64
3
53
218
57
31
77
246
133
30
246
157
210
169
146
241
180
195
135
40
233
82
104
129
64
63
235
107
231
141
150
48
30
13
219
44
124
4
21
182
26
127
236
240
147
32
227
199
99
223
205
165
93
158
137
14
96
249
34
179
23
247
236
77
112
50
122
43
214
121
101
91
64
62
9
204
233
0
205
237
88
182
85
44
35
170
127
175
61
85
81
58
51
187
10
164
125
188
209
41
161
120
43
184
52
217
253
84
28
207
139
51
150
106
75
242
105
63
199
99
166
144
35
255
179
194
62
33
14
75
188
239
212
144
2
147
21
53
139
247
166
57
226
76
120
116
23
87
103
163
138
6
146
49
69
72
72
161
66
86
62
7
46
11
24
219
113
39
77
40
17
215
65
111
60
200
160
94
181
31
156
180
81
70
6
79
56
19
243
92
128
170
87
251
88
218
15
67
73
183
228
85
151
5
28
221
54
213
74
36
72
18
116
191
243
96
87
218
13
91
182
199
242
237
233
62
172
211
112
8
89
80
218
184
16
126
163
114
83
212
254
38
253
1
124
236
198
96
182
168
15
167
154
172
91
59
150
165
176
95
9
36
182
149
113
136
73
151
86
113
115
181
33
215
236
180
15
63
125
159
7
7
156
147
159
181
59
87
159
168
133
193
141
214
25
105
163
67
228
219
230
145
161
110
245
57
172
243
168
233
23
24
198
200
102
178
59
164
157
115
196
167
94
59
93
20
146
153
227
36
80
91
21
4
236
153
170
9
148
179
78
200
73
22
134
200
206
218
55
129
58
101
233
158
91
63
103
113
6
175
84
233
120
252
136
105
132
252
195
119
115
157
58
105
143
250
161
148
110
84
232
115
234
156
73
58
199
201
174
187
197
119
191
149
219
187
24
181
77
179
197
4
217
188
26
153
0
14
105
223
80
115
19
220
131
65
25
212
82
174
58
240
44
75
237
211
3
224
53
10
6
200
96
4
151
217
15
15
127
161
178
233
9
186
136
232
63
164
22
239
253
147
1
30
84
229
81
73
140
49
4
229
221
71
112
116
255
34
255
203
161
35
19
5
137
90
96
34
40
124
167
168
228
33
139
246
14
244
15
179
118
206
97
82
192
141
249
127
235
68
178
88
84
69
189
96
240
55
219
24
69
39
123
17
146
237
92
185
22
244
130
253
238
49
253
133
172
130
42
37
179
20
159
180
59
165
205
106
42
152
121
223
184
94
51
213
78
217
69
197
15
15
192
43
224
204
33
220
18
15
169
82
20
86
52
220
169
234
174
86
115
41
54
255
220
12
152
102
239
171
215
202
7
103
39
233
192
151
254
77
183
199
65
147
151
112
172
121
72
51
135
145
131
159
59
177
102
127
198
83
144
226
217
72
121
18
151
217
77
192
189
110
244
237
140
145
59
56
70
146
134
26
55
253
231
186
85
174
88
203
5
131
229
134
1
0
172
189
206
34
182
88
76
162
140
74
220
241
199
42
71
121
93
98
79
224
220
91
87
70
55
121
69
168
31
10
87
91
11
125
166
87
218
227
18
246
221
111
218
105
27
171
17
150
50
208
26
169
13
235
132
23
17
44
185
192
124
121
93
60
129
39
188
164
127
49
154
149
158
41
89
42
131
185
206
206
254
179
180
221
95
82
68
150
36
200
84
98
107
16
65
149
100
8
184
145
116
216
105
21
225
6
37
106
91
134
223
64
149
50
170
78
71
177
255
154
112
44
207
87
21
62
165
208
164
51
247
227
218
35
106
78
165
39
35
137
66
241
84
109
243
255
88
195
22
184
171
197
72
90
199
166
76
171
113
126
113
164
59
163
18
107
66
18
109
209
176
36
6
63
227
11
185
198
27
182
234
82
148
54
184
83
111
29
86
156
45
192
106
204
157
157
24
25
36
211
172
219
155
26
3
0
223
85
112
233
95
244
184
150
195
127
122
51
80
152
127
175
233
82
156
67
154
149
160
183
119
11
32
105
107
204
238
245
2
84
236
253
45
236
81
217
207
244
27
173
20
127
105
174
165
132
186
113
64
136
15
133
130
207
231
135
248
193
101
171
200
228
233
25
175
205
68
241
150
41
1
108
55
121
51
176
237
201
167
26
132
105
198
172
188
122
196
34
226
214
148
115
45
192
251
253
116
97
32
29
58
41
199
106
202
145
146
216
226
220
163
21
90
206
47
135
116
252
150
243
201
40
118
17
180
198
233
183
100
4
194
68
249
36
218
1
195
3
250
250
171
138
241
17
114
78
197
43
222
101
37
195
234
184
151
91
162
0
34
30
9
212
202
187
164
183
239
220
81
13
86
124
160
47
112
31
199
104
34
249
35
116
157
85
174
27
240
111
34
129
194
185
238
81
42
239
154
4
167
197
164
165
248
147
10
253
178
35
154
15
227
49
212
66
220
206
250
233
250
134
82
87
253
18
191
144
216
135
251
196
249
62
244
42
6
32
186
130
236
254
173
207
11
162
33
129
253
150
166
125
255
163
11
71
163
244
135
220
242
254
7
178
92
98
3
163
143
30
134
4
104
122
34
152
60
134
73
169
206
124
5
111
221
164
61
99
199
194
17
221
86
175
160
125
109
190
93
92
175
84
226
175
187
158
12
24
5
106
78
7
187
179
140
93
115
222
165
202
198
84
215
48
0
81
60
9
201
133
62
169
149
174
208
1
210
182
246
36
216
35
45
203
73
229
235
187
37
145
129
10
90
146
169
92
154
227
75
65
83
44
48
33
239
227
181
49
240
238
6
23
24
97
195
159
218
244
74
192
156
197
221
229
17
50
243
222
103
49
129
176
45
231
130
178
6
112
1
8
107
229
25
80
137
154
253
233
102
84
126
29
4
60
125
44
12
245
88
162
14
228
245
57
111
215
201
84
237
84
27
76
233
247
79
96
132
150
178
248
201
48
39
26
207
160
9
15
254
164
115
184
32
104
105
136
182
35
229
84
43
145
166
13
245
14
174
102
217
79
98
153
238
82
126
14
247
94
170
41
18
205
223
145
164
120
94
57
99
54
97
128
116
114
248
161
142
65
247
42
59
223
208
93
216
27
254
105
85
245
245
101
79
203
122
211
69
81
30
5
121
14
213
154
90
234
1
227
153
0
46
220
88
26
30
41
173
236
70
152
4
5
86
82
75
34
138
78
87
8
79
83
34
88
13
244
55
46
103
97
178
136
151
241
6
220
183
92
14
101
216
82
199
81
196
231
119
1
209
123
191
162
102
231
38
218
170
81
212
74
45
245
71
188
104
33
33
156
117
113
94
124
185
170
69
69
97
205
228
51
241
125
114
165
106
110
106
88
161
127
183
155
247
216
165
86
49
31
177
47
167
48
221
236
141
115
67
40
240
223
64
93
137
1
34
78
38
192
21
59
1
255
84
237
4
240
202
157
109
239
3
207
196
26
254
199
227
145
76
47
244
121
1
166
248
108
13
171
185
150
81
95
69
14
199
160
184
104
40
91
82
145
70
85
95
223
185
240
71
7
5
241
189
253
173
172
159
208
161
1
185
31
141
163
213
216
197
56
252
112
171
92
84
72
156
215
101
162
11
43
110
105
9
227
242
118
156
147
79
97
230
185
239
29
234
52
141
74
184
243
36
10
248
124
49
221
192
81
30
53
140
42
120
19
226
96
144
114
175
250
179
229
31
155
124
24
210
49
143
41
5
90
225
227
50
113
228
220
91
71
120
109
172
141
128
148
168
122
65
249
240
29
217
67
140
201
218
146
103
202
70
51
23
65
28
120
162
144
223
202
47
188
11
207
201
73
191
72
229
227
208
28
185
170
153
56
160
236
204
67
221
109
248
125
226
16
54
86
15
124
159
210
166
39
214
59
80
109
9
211
83
102
55
236
128
122
114
61
79
26
187
31
245
102
35
16
99
163
15
224
45
241
109
216
196
58
254
190
66
24
57
81
1
104
55
143
221
203
78
214
26
13
146
24
120
111
184
136
34
103
184
90
22
209
28
115
84
39
11
255
101
167
147
144
104
56
145
226
96
172
151
5
44
116
28
224
139
54
69
167
155
31
127
39
241
61
178
177
186
95
45
127
164
78
232
80
173
107
155
54
147
87
249
197
219
237
144
176
214
129
188
26
118
6
137
9
201
218
42
232
191
253
218
207
253
33
22
152
29
164
211
101
220
20
32
138
245
14
231
178
54
84
28
94
28
74
2
155
166
212
72
45
53
178
72
192
244
76
40
38
115
179
205
112
102
41
56
171
201
147
218
254
246
204
74
2
10
104
58
151
249
179
88
121
246
216
240
57
200
34
52
77
160
234
30
209
188
136
175
247
68
92
38
214
184
190
213
16
68
139
165
211
140
102
88
62
41
191
233
213
146
94
46
136
241
168
1
62
193
37
184
18
71
232
222
28
112
235
115
136
187
109
173
110
166
125
87
217
93
230
13
203
18
76
28
171
121
249
236
208
48
16
7
176
115
9
119
164
108
241
180
151
41
201
200
135
38
249
176
36
200
49
18
202
208
24
101
13
32
117
161
20
112
26
204
32
95
92
27
117
189
13
105
214
105
26
120
237
107
78
135
108
84
178
102
98
223
240
188
244
189
77
184
80
171
127
122
28
127
248
137
60
167
167
9
231
244
92
137
57
34
139
124
42
227
187
38
148
72
240
74
35
236
73
138
81
120
155
110
254
206
102
97
162
26
224
152
235
68
254
220
80
0
149
246
203
188
246
81
154
194
152
10
102
172
128
100
77
110
96
247
168
212
94
128
180
2
221
208
240
168
1
41
218
45
143
170
88
114
69
243
198
138
222
186
155
55
215
49
65
237
241
95
150
44
192
120
66
91
241
133
5
227
205
6
77
113
53
67
110
125
240
161
50
6
224
56
55
162
228
35
105
99
230
69
5
222
144
224
166
46
129
139
226
175
169
79
186
162
140
213
30
98
237
122
195
31
13
252
126
93
169
156
179
76
5
10
34
215
224
177
250
183
231
4
223
102
41
170
177
201
162
67
17
22
197
70
255
4
232
57
169
186
144
110
9
50
70
195
172
139
177
155
76
2
147
152
16
75
225
61
234
118
29
11
69
42
107
113
33
38
3
146
243
202
130
80
21
58
106
97
22
93
255
88
248
131
144
183
92
151
125
58
186
17
210
176
251
124
52
6
171
166
173
162
223
176
251
161
15
217
24
239
5
224
195
36
201
221
151
41
12
216
56
192
96
214
179
192
124
36
177
104
5
180
181
134
79
46
128
151
41
153
157
122
118
208
120
70
93
76
238
165
71
251
87
252
143
174
72
82
113
210
171
145
214
142
237
192
99
206
67
155
218
67
166
245
184
21
89
188
74
99
73
16
158
96
116
210
198
70
88
186
145
151
165
121
58
15
75
254
15
197
247
13
25
173
63
186
95
206
79
142
137
234
88
67
214
216
48
254
222
237
29
126
72
14
172
65
65
122
214
100
112
198
126
80
223
148
108
17
205
138
42
230
240
96
84
242
185
132
77
13
3
54
26
236
133
173
126
60
196
165
150
148
174
181
133
223
237
174
2
212
111
162
34
221
52
49
67
87
243
58
228
73
90
179
15
238
134
116
210
251
74
75
212
1
153
174
89
65
37
240
12
57
123
41
116
3
151
11
210
212
209
194
189
75
94
72
242
53
182
177
250
15
128
103
161
213
236
159
0
170
206
112
41
130
238
82
105
36
253
244
252
9
249
137
106
82
32
64
182
239
164
13
229
18
100
91
139
11
250
28
251
95
219
44
75
100
84
79
97
208
6
182
117
39
33
42
45
59
17
120
15
100
22
104
243
220
130
135
23
106
38
236
67
93
238
135
130
224
161
145
29
252
6
158
224
227
29
84
108
108
162
29
118
114
98
163
207
195
214
165
253
253
239
221
202
62
123
166
118
62
186
129
162
47
183
215
171
220
235
185
139
177
97
181
136
228
4
51
95
142
158
126
164
15
142
31
84
28
205
81
255
66
234
118
2
49
161
242
39
161
141
87
174
214
110
25
181
15
248
69
253
119
188
119
122
187
103
242
178
42
84
238
107
185
186
108
184
229
128
251
53
2
162
118
165
42
233
40
83
100
49
133
208
38
192
20
144
210
162
43
17
188
125
133
236
132
113
232
122
146
205
8
101
23
0
213
147
17
246
207
130
56
63
46
242
92
207
233
56
15
78
0
64
17
240
37
3
69
242
143
144
232
228
109
139
5
34
243
10
34
107
9
157
234
48
244
188
160
114
115
168
61
69
15
244
88
17
84
54
176
140
239
184
146
179
4
71
73
137
163
10
72
224
198
140
42
184
144
245
148
104
131
53
6
25
88
185
30
33
195
48
83
64
111
59
174
126
127
87
48
123
150
192
76
110
101
126
214
228
109
101
183
26
93
109
202
200
130
243
222
56
155
35
77
63
15
46
64
25
65
25
240
163
150
6
49
155
175
78
135
65
231
74
102
189
185
168
178
69
78
33
152
209
17
172
183
51
249
11
50
90
159
246
247
182
17
89
35
96
77
43
104
132
184
194
44
182
108
102
189
182
22
87
46
121
92
160
78
140
82
110
59
133
223
177
179
10
183
228
158
33
105
104
156
3
251
21
201
85
160
206
45
130
147
64
136
254
70
72
187
27
234
12
135
181
37
229
31
144
171
38
83
165
11
198
178
53
213
134
86
102
88
43
214
124
99
39
235
254
153
154
83
12
9
129
53
243
107
5
6
36
165
143
37
70
173
82
242
126
185
142
232
162
13
163
73
8
119
131
2
180
120
211
242
111
3
42
219
25
109
93
234
224
70
143
122
239
5
20
168
83
185
108
90
33
56
162
5
158
121
160
18
182
185
2
158
74
78
184
154
3
7
77
227
2
106
81
67
151
98
244
81
136
254
29
88
90
27
218
148
146
225
212
116
189
72
155
239
0
43
134
225
185
141
243
72
38
158
2
157
168
7
22
10
230
178
158
217
82
80
210
93
149
245
9
61
46
29
132
89
204
91
164
119
66
220
39
138
65
41
105
157
30
201
254
63
185
23
241
213
73
68
6
209
247
189
68
147
86
28
244
163
154
4
243
109
253
196
87
251
11
5
195
226
149
33
159
87
39
60
203
105
31
109
114
102
89
22
144
205
247
134
187
42
40
46
25
239
35
178
183
46
175
3
102
72
56
175
9
24
244
130
67
102
39
176
101
46
112
45
89
134
254
143
213
132
22
188
0
75
138
79
99
163
174
6
78
206
180
222
90
247
234
179
179
86
94
157
153
105
171
210
225
102
30
37
36
20
35
135
230
46
34
39
227
55
37
189
83
69
79
224
71
70
214
77
109
99
72
163
247
239
60
122
230
18
177
225
102
250
37
124
88
216
4
209
207
113
51
127
179
39
86
191
180
47
46
119
34
215
158
205
172
150
187
239
106
157
217
179
161
95
75
77
250
21
242
24
102
123
162
126
171
58
166
118
44
102
5
124
10
152
230
130
74
24
176
157
8
227
135
104
52
123
111
252
96
183
73
56
200
244
211
91
19
23
155
159
110
164
138
192
15
144
51
89
251
196
250
7
205
64
208
207
82
67
105
104
17
124
114
4
87
202
201
121
147
227
175
73
217
220
189
117
162
126
135
203
55
24
125
128
77
255
209
165
168
115
207
52
214
114
182
151
81
116
132
105
241
184
177
76
40
213
121
3
118
112
90
156
46
78
49
166
206
31
19
39
110
89
211
218
40
206
158
5
212
143
176
97
26
248
234
246
251
185
177
76
148
117
143
190
103
184
177
132
236
154
5
58
69
193
209
113
152
253
198
206
166
223
219
31
79
181
143
243
100
33
47
181
168
239
247
80
60
109
86
218
42
207
29
183
227
19
99
207
172
85
35
235
62
119
27
15
26
112
61
207
127
154
69
68
98
204
104
33
155
179
140
40
164
9
154
100
116
171
3
91
89
220
165
207
74
77
87
200
248
178
44
13
11
20
191
204
51
236
81
50
193
0
9
99
47
162
32
110
98
211
139
63
70
154
236
134
37
191
11
142
84
77
224
76
72
149
133
111
23
17
134
153
79
181
231
18
157
233
94
184
56
82
9
76
34
168
59
170
34
163
107
165
33
255
253
170
223
83
127
1
252
233
175
104
220
25
80
186
195
82
161
217
203
28
107
98
191
46
164
121
188
76
170
244
16
194
185
164
237
99
80
172
125
30
61
71
207
227
2
5
44
184
43
73
174
148
242
192
67
204
173
3
188
71
168
25
201
71
247
219
236
139
255
205
112
120
93
102
10
114
204
241
28
0
45
136
35
203
111
179
90
68
117
183
175
111
24
5
23
210
206
222
217
170
53
153
76
86
213
164
116
241
144
175
57
21
121
77
47
124
84
208
54
117
148
46
140
51
128
203
175
164
23
198
77
129
199
176
149
239
176
104
139
147
132
89
31
170
197
15
69
47
71
107
92
73
52
212
27
91
201
108
39
13
85
231
219
129
37
192
212
189
47
44
179
146
123
148
201
100
185
135
192
127
27
90
61
46
55
15
47
84
218
13
196
122
56
213
45
92
12
15
155
74
29
165
31
29
94
181
58
103
206
160
211
57
133
227
144
103
234
87
245
120
51
104
140
104
18
0
42
25
5
219
35
63
127
73
98
28
120
195
149
26
176
70
198
114
208
186
68
27
188
76
197
151
223
7
48
107
98
177
107
123
208
16
228
237
156
231
255
65
168
45
158
187
230
100
196
250
228
119
5
48
118
105
84
120
240
22
23
75
146
159
212
201
162
16
55
223
25
84
185
92
1
36
195
65
5
85
78
240
50
207
204
158
250
97
250
25
10
0
64
224
166
70
155
24
67
157
204
24
71
211
108
112
21
209
50
41
115
141
232
58
14
235
216
63
50
67
132
78
210
227
194
84
110
155
157
207
190
193
140
3
177
28
112
75
105
82
215
200
252
19
122
164
255
62
111
109
169
73
195
154
80
11
218
199
174
30
106
224
14
80
25
150
100
34
67
78
103
114
220
224
248
107
202
240
51
127
157
64
91
132
29
81
143
21
81
74
180
13
86
174
100
252
208
133
40
56
49
142
173
97
154
55
15
92
107
97
22
229
158
71
127
2
220
9
212
21
17
250
125
64
242
27
53
253
11
74
156
10
134
195
154
33
78
245
182
5
36
74
225
236
146
96
7
64
233
107
96
109
97
71
91
226
74
78
188
233
118
0
133
65
234
133
40
164
72
46
166
178
46
250
141
200
206
7
105
61
229
24
21
180
235
76
227
155
209
188
169
187
83
93
248
89
117
214
104
123
189
122
116
62
197
231
0
94
153
219
124
151
93
148
201
62
208
126
102
194
136
92
204
51
80
229
122
140
162
62
115
153
213
218
0
203
241
75
99
152
61
180
242
90
49
224
240
224
253
254
198
109
151
13
95
145
141
30
158
254
93
10
32
152
85
29
144
250
41
134
49
203
206
65
95
251
22
156
110
22
252
135
80
28
186
80
72
70
209
99
56
154
37
232
189
162
210
55
11
160
126
29
14
180
59
236
99
64
244
124
202
171
88
11
157
174
113
134
4
170
51
72
13
209
154
173
45
68
106
199
21
179
92
136
4
56
67
211
174
40
201
72
84
7
152
54
225
125
237
244
210
85
116
216
152
101
190
103
103
53
54
1
121
136
226
9
144
27
138
251
230
81
188
76
224
233
103
30
224
144
111
160
231
102
210
204
46
59
8
182
201
50
117
90
223
7
40
145
30
48
53
29
9
238
171
215
47
54
71
0
70
74
253
251
213
203
135
142
156
209
215
144
126
109
53
184
183
61
71
112
4
14
222
51
184
168
171
22
202
3
153
186
255
32
94
218
17
183
145
211
125
134
118
243
98
2
228
179
236
72
28
133
196
115
91
0
62
71
3
212
153
129
217
58
184
192
179
36
40
213
84
141
40
243
194
47
128
195
229
93
29
108
243
204
252
140
111
122
35
231
193
248
46
3
69
133
231
46
182
147
30
109
148
58
139
251
149
106
150
245
242
225
245
89
93
104
69
129
57
98
20
130
125
152
134
16
22
245
51
62
16
127
189
22
195
100
44
145
196
155
214
9
84
243
160
74
14
200
211
177
186
32
255
161
232
65
223
132
192
180
203
142
28
196
83
185
236
68
30
133
213
0
20
63
35
38
110
45
129
196
68
72
5
82
103
48
20
232
64
213
14
140
140
251
74
194
131
189
112
255
112
240
16
168
205
15
234
142
102
151
198
112
237
143
46
204
208
94
234
127
247
213
124
157
145
44
112
97
61
183
143
185
30
12
61
70
44
127
155
5
235
30
77
231
4
43
141
32
208
192
160
1
19
34
149
75
22
240
41
86
135
60
131
136
86
61
103
85
99
47
184
55
151
167
186
70
217
54
110
255
81
99
87
35
23
195
213
93
73
141
199
11
19
148
40
31
21
115
141
87
207
66
157
26
202
147
36
111
19
220
33
166
20
56
76
168
239
188
216
86
246
205
225
182
185
11
213
146
98
10
121
186
99
184
181
80
214
202
10
95
249
159
153
199
242
72
19
107
148
253
179
107
232
200
255
249
147
23
42
171
245
137
31
135
199
65
71
134
2
48
68
243
73
18
192
50
137
1
12
138
172
188
113
197
139
63
52
61
34
137
157
227
35
250
146
40
201
55
186
182
81
190
96
88
195
40
85
214
35
66
25
248
7
58
106
157
99
52
132
76
126
175
209
108
232
226
136
239
153
126
104
15
87
82
243
75
191
201
35
69
99
66
191
167
150
32
74
184
205
246
73
143
145
210
232
2
119
135
79
2
153
144
39
146
166
25
116
192
244
238
133
139
25
118
160
239
12
145
198
166
252
69
42
25
102
154
115
213
175
33
55
128
151
249
52
1
168
249
129
155
36
137
32
41
17
1
167
112
254
212
244
233
41
96
104
180
8
150
67
237
209
116
207
168
67
248
161
26
251
124
24
166
238
106
63
182
219
218
10
97
184
41
12
92
178
152
223
123
121
180
214
221
189
137
72
33
136
87
212
136
212
16
83
215
31
19
73
109
79
39
177
99
6
192
188
180
126
16
156
218
207
145
38
79
179
222
39
250
73
64
5
7
111
61
10
122
49
12
44
43
119
198
28
96
38
129
172
72
158
110
190
184
235
26
3
126
58
216
232
93
217
111
69
129
242
101
126
66
11
241
143
196
20
164
43
50
168
22
119
208
228
210
243
180
226
190
5
157
128
2
87
92
252
85
173
12
50
162
132
172
90
169
212
109
40
217
157
61
180
105
53
122
252
28
173
233
25
180
24
104
49
246
182
120
187
136
5
206
85
162
167
172
148
90
185
233
179
26
124
126
249
252
234
160
97
43
135
52
82
129
22
40
95
133
4
62
229
217
167
81
177
171
104
199
179
245
195
15
247
82
234
71
81
7
67
67
149
206
77
137
230
141
237
230
7
247
87
167
214
1
17
71
169
42
37
132
100
23
152
39
33
208
53
73
182
233
30
24
51
107
115
180
118
208
193
152
98
157
2
170
149
29
131
103
70
204
156
200
74
255
54
71
214
132
110
198
14
93
63
133
210
141
182
41
68
145
145
152
126
35
83
109
218
14
131
119
240
22
179
152
179
77
109
216
123
250
84
151
99
136
30
22
233
126
135
49
61
249
58
171
245
181
96
166
246
238
37
164
79
61
160
18
209
234
52
147
117
191
162
59
201
37
63
177
44
67
175
38
236
89
240
80
31
59
235
223
194
204
139
66
78
152
53
35
134
99
196
147
130
60
27
106
13
7
40
111
152
249
248
246
147
168
209
185
19
56
156
73
221
28
59
107
39
72
42
141
211
189
104
197
20
118
227
108
83
217
79
217
94
3
136
76
49
151
51
201
219
7
255
244
125
162
236
188
50
106
54
141
227
235
166
37
105
73
40
184
160
109
221
88
251
118
171
151
0
51
166
249
19
87
23
55
176
96
238
65
181
174
70
94
238
235
26
161
17
106
242
211
125
136
107
147
218
23
226
114
52
121
120
76
2
143
255
206
167
68
175
154
75
89
156
136
107
119
15
185
159
195
68
238
24
189
73
155
16
60
42
109
59
12
11
237
167
120
182
29
210
46
80
145
14
86
136
209
106
98
90
177
68
233
134
246
57
205
157
85
88
67
119
48
87
165
180
77
164
114
162
29
17
24
29
128
170
68
67
72
49
76
148
20
91
79
214
56
155
80
229
196
122
72
208
233
38
254
241
166
169
108
251
22
46
142
162
7
17
73
54
121
157
249
85
254
179
181
247
114
25
102
242
207
38
206
160
76
209
19
101
94
252
191
251
12
77
232
115
153
7
103
48
239
44
204
50
16
75
53
149
225
194
130
29
55
92
160
157
79
225
64
112
130
224
175
91
242
204
71
56
42
203
209
47
169
157
175
54
145
99
104
74
223
92
76
38
43
217
145
23
151
39
71
4
212
121
86
12
86
72
128
214
65
141
198
27
235
201
242
214
102
69
231
88
49
7
76
227
3
5
204
221
255
119
27
90
156
131
147
88
57
74
70
129
46
38
104
48
164
53
217
35
78
195
197
49
255
219
117
194
133
149
214
241
226
146
45
199
44
149
228
58
31
86
24
189
243
185
12
54
176
244
150
212
171
84
194
217
145
74
76
220
75
184
130
233
15
170
254
244
104
188
22
78
4
68
38
205
22
73
240
85
100
198
202
162
133
53
217
9
108
54
44
74
206
195
160
6
155
54
33
201
196
189
141
128
110
233
181
113
120
169
3
70
146
119
192
206
215
199
131
23
44
230
67
199
60
94
140
146
19
100
209
41
93
230
98
210
179
93
238
42
189
57
228
187
162
219
45
146
158
31
196
206
105
186
8
77
131
34
104
33
209
239
228
176
37
231
240
95
5
180
50
5
109
154
154
255
106
231
214
170
142
150
175
222
55
66
247
106
32
239
212
82
91
183
202
134
111
146
245
11
130
203
165
72
71
205
194
13
163
56
83
173
227
154
227
33
240
188
43
144
188
117
97
187
97
62
12
141
55
178
129
202
161
68
227
146
236
245
26
31
55
13
187
169
134
16
153
95
238
238
193
179
8
215
66
202
27
141
239
31
21
157
148
16
230
14
195
55
128
125
125
210
83
136
174
237
10
22
193
186
254
110
245
68
207
123
182
17
175
242
223
103
66
98
243
218
230
132
30
223
153
162
156
148
121
63
223
153
71
45
106
79
57
46
10
77
37
45
71
20
168
135
219
178
4
71
129
79
20
151
232
78
9
204
187
21
122
96
68
82
58
150
19
237
35
11
144
161
164
46
175
148
219
250
85
76
216
231
26
137
244
123
150
52
123
247
187
200
89
77
6
159
61
7
144
206
180
64
23
98
195
4
53
91
110
98
23
62
176
105
117
37
207
57
234
126
209
145
65
226
89
152
16
157
89
238
186
168
212
22
30
103
214
217
48
84
190
68
93
105
200
205
173
35
26
152
231
200
52
41
112
94
83
252
133
56
72
71
109
79
98
49
208
173
106
226
232
29
174
10
72
33
225
44
243
148
77
79
105
221
166
133
34
85
68
41
129
95
155
79
245
86
14
137
138
175
205
141
173
140
181
200
173
69
149
4
140
68
149
1
89
39
52
167
143
239
202
151
11
173
249
47
47
203
182
81
12
187
177
85
111
65
218
126
24
187
181
160
229
128
203
100
123
248
194
109
81
95
110
15
89
168
11000111
